0 0.488885 0.705306 0.189293 0.155875
0 0.241581 0.681102 0.180639 0.251329
0 0.796357 0.331022 0.111006 0.295322
0 0.544416 0.141626 0.210893 0.279699
0 0.491228 0.769913 0.18826 0.168736
0 0.44698 0.169722 0.133693 0.228409
0 0.608168 0.133748 0.16823 0.267497
0 0.698297 0.166377 0.151135 0.231413
0 0.874633 0.368824 0.128364 0.221546
0 0.252062 0.886724 0.210372 0.140425
0 0.891051 0.0749019 0.11653 0.149804
0 0.26398 0.815165 0.224311 0.171463
0 0.574395 0.498366 0.149064 0.20604
0 0.534448 0.466185 0.191729 0.263147
0 0.702263 0.60796 0.218287 0.260362
0 0.927858 0.147494 0.144283 0.25547
0 0.304763 0.69805 0.149159 0.162185
0 0.373252 0.374451 0.126514 0.22461
0 0.705529 0.261466 0.163769 0.246316
0 0.828353 0.065602 0.0931624 0.126401
0 0.0319915 0.111588 0.063983 0.218965
0 0.967655 0.147746 0.0646893 0.250525
0 0.424812 0.395395 0.095865 0.158774
0 0.112448 0.900839 0.054874 0.126878
0 0.610307 0.387954 0.361381 0.530396
0 0.364703 0.40746 0.109565 0.158383
