0 0.603027 0.364596 0.119261 0.0792536
0 0.878042 0.671934 0.0535282 0.0794927
0 0.55086 0.532967 0.0809911 0.061717
0 0.370672 0.143994 0.143781 0.0795971
0 0.324597 0.214546 0.174563 0.135638
0 0.131434 0.22211 0.170855 0.0985041
0 0.814782 0.446883 0.106984 0.101128
0 0.799629 0.567255 0.123057 0.107236
0 0.877513 0.545161 0.0736383 0.0813112
0 0.223239 0.0779832 0.0985385 0.0593273
0 0.0542236 0.0866887 0.108447 0.0700094
0 0.248496 0.28269 0.165811 0.0780272
0 0.189286 0.157677 0.155371 0.0742297
0 0.692836 0.70318 0.0730211 0.0984825
0 0.811001 0.643005 0.101285 0.119029
0 0.510281 0.227233 0.122955 0.104824
0 0.662897 0.284149 0.132685 0.0435049
0 0.12727 0.0576584 0.0998286 0.0489856
0 0.754425 0.673512 0.083527 0.0682205
0 0.466229 0.419957 0.184456 0.133103
0 0.448503 0.281895 0.122605 0.0970912
0 0.614612 0.634757 0.0851968 0.0779826
0 0.665123 0.558894 0.18024 0.130867
0 0.623567 0.241878 0.0821614 0.0418014
0 0.715893 0.487656 0.063858 0.0617754
0 0.852296 0.814336 0.127095 0.0899332
0 0.290124 0.270912 0.124345 0.0585379
0 0.0353374 0.142439 0.0706748 0.0632756
0 0.924595 0.872091 0.106535 0.103515
0 0.954595 0.776578 0.0482632 0.0516832
0 0.621342 0.457332 0.114962 0.115085
0 0.531019 0.38557 0.109774 0.0870879
0 0.755114 0.457492 0.0532838 0.0404921
0 0.501876 0.439897 0.112471 0.0884644
0 0.773948 0.807453 0.0504554 0.0513067
0 0.543316 0.392153 0.0883076 0.0734743
0 0.330776 0.338871 0.131797 0.0814923
0 0.913673 0.770979 0.0397293 0.0596047
0 0.76172 0.362445 0.0870334 0.0363079
0 0.052865 0.0721186 0.10573 0.100043
0 0.723387 0.537335 0.0476089 0.0449587
0 0.737785 0.258659 0.0897499 0.0293359
0 0.941941 0.496566 0.0290141 0.0566427
0 0.645836 0.547597 0.138536 0.111897
0 0.588811 0.429647 0.184441 0.166678
0 0.894036 0.877382 0.0414676 0.0277203
0 0.886556 0.788401 0.0722765 0.0609665
0 0.91598 0.645928 0.0639295 0.0602783
0 0.860011 0.753875 0.126667 0.120085
0 0.446682 0.0584301 0.107166 0.0514243
0 0.758897 0.503085 0.0453007 0.0326654
0 0.751589 0.759392 0.0412497 0.0380674
