0 0.214294 0.416432 0.255018 0.122365
0 0.329246 0.456833 0.321369 0.138575
0 0.830818 0.503584 0.214684 0.134745
0 0.444772 0.530981 0.189044 0.0749208
0 0.509441 0.484784 0.136038 0.0566835
0 0.872531 0.597957 0.154539 0.0556836
0 0.67557 0.504132 0.16768 0.0848539
0 0.951276 0.463546 0.0974478 0.0825766
0 0.841654 0.355532 0.14424 0.0416642
0 0.655514 0.364802 0.192898 0.118868
0 0.409336 0.365066 0.0958186 0.0389785
0 0.499449 0.342115 0.151543 0.0670084
0 0.739221 0.6937 0.507376 0.114557
0 0.487832 0.642338 0.39976 0.0765072
0 0.607748 0.365753 0.38062 0.120211
0 0.364273 0.336822 0.102752 0.0229464
0 0.442799 0.339397 0.259626 0.0637438
0 0.443969 0.325998 0.263027 0.0494406
0 0.833099 0.702587 0.318693 0.0977421
0 0.608405 0.558473 0.100856 0.0590868
0 0.316747 0.625659 0.364005 0.0949001
