0 0.548931 0.584445 0.35224 0.197542
0 0.19499 0.745241 0.337374 0.134
0 0.321332 0.601697 0.385989 0.215895
0 0.765436 0.467674 0.235661 0.163204
0 0.545398 0.312911 0.192134 0.128887
0 0.825144 0.146801 0.349711 0.277737
0 0.226991 0.519802 0.145104 0.0809481
0 0.610693 0.180788 0.11792 0.10335
0 0.248371 0.821989 0.210227 0.108404
0 0.19519 0.10259 0.39038 0.20518
0 0.92473 0.330513 0.143254 0.11506
0 0.505946 0.701888 0.185288 0.103791
0 0.0962432 0.621192 0.114821 0.0637216
0 0.510443 0.378273 0.472243 0.263054
0 0.652251 0.445964 0.0858021 0.0850479
0 0.72888 0.367745 0.0930351 0.101839
0 0.052724 0.745047 0.105448 0.0809319
0 0.777288 0.300162 0.195495 0.227863
0 0.068465 0.893561 0.135813 0.0576732
0 0.73449 0.153238 0.156913 0.152073
0 0.0536573 0.762148 0.107315 0.116434
