0 0.209528 0.572597 0.221677 0.1996
0 0.230799 0.747839 0.250724 0.205148
0 0.497103 0.529985 0.253417 0.0994071
0 0.191811 0.301669 0.246096 0.124538
0 0.760771 0.725702 0.222419 0.153579
0 0.320891 0.429161 0.232165 0.123124
0 0.798395 0.529903 0.241576 0.128579
0 0.511149 0.627978 0.270667 0.0776934
0 0.515217 0.263602 0.33124 0.177752
0 0.543998 0.798645 0.288297 0.147577
0 0.502258 0.885656 0.253921 0.147603
0 0.648608 0.379002 0.200035 0.0605874
0 0.0832385 0.534917 0.164126 0.207878
0 0.515897 0.718863 0.264843 0.106873
0 0.425819 0.327594 0.228288 0.115339
0 0.624523 0.477587 0.284471 0.0555648
0 0.497497 0.70552 0.298243 0.135783
0 0.177377 0.181039 0.123966 0.0788174
0 0.138007 0.409832 0.276014 0.238619
0 0.301394 0.719969 0.200324 0.161821
0 0.920944 0.211692 0.157615 0.187772
0 0.959154 0.832826 0.0816265 0.0811153
0 0.966929 0.88987 0.0656187 0.0570142
0 0.0956259 0.371072 0.1901 0.152348
0 0.921362 0.164681 0.157276 0.288521
0 0.833249 0.958523 0.333502 0.0822589
0 0.121757 0.384766 0.243514 0.1818
0 0.565949 0.889817 0.294768 0.134242
0 0.946377 0.269498 0.106877 0.160466
0 0.209961 0.461906 0.131387 0.122777
0 0.974859 0.944346 0.0502817 0.0375376
0 0.968665 0.337668 0.0620579 0.124627
0 0.948572 0.278929 0.102856 0.243931
0 0.969435 0.290659 0.06113 0.214552
0 0.544713 0.722199 0.209904 0.0924127
