0 0.688485 0.809619 0.167335 0.289728
0 0.417573 0.674574 0.154364 0.307871
0 0.263557 0.258959 0.134361 0.301515
0 0.109417 0.367995 0.142942 0.280455
0 0.525242 0.863378 0.110571 0.269175
0 0.0873703 0.520747 0.164964 0.354124
0 0.488356 0.581433 0.0588593 0.2372
0 0.332354 0.108524 0.0732874 0.215076
0 0.237197 0.460504 0.215073 0.541625
0 0.92505 0.423006 0.100287 0.275553
0 0.447102 0.153357 0.0583783 0.1527
0 0.487304 0.339222 0.0409767 0.124669
0 0.53505 0.459522 0.0553133 0.31262
0 0.374637 0.46383 0.0358299 0.114687
0 0.368432 0.0560362 0.0467727 0.11031
0 0.533629 0.339168 0.0574617 0.555495
0 0.162441 0.0949051 0.0478524 0.186849
0 0.535035 0.522026 0.0533804 0.191779
0 0.516895 0.213178 0.0987164 0.416311
0 0.519872 0.309799 0.0886885 0.619598
0 0.579985 0.849581 0.0385407 0.0433482
0 0.986974 0.161153 0.0260514 0.310481
