0 0.454882 0.839448 0.205211 0.188073
0 0.824559 0.261169 0.196324 0.196795
0 0.383931 0.128779 0.225497 0.209817
0 0.683061 0.783794 0.161027 0.113556
0 0.706643 0.453158 0.260007 0.209032
0 0.797643 0.569133 0.280849 0.193011
0 0.220375 0.895933 0.214133 0.188708
0 0.297404 0.362896 0.236766 0.148454
0 0.167715 0.267444 0.216208 0.0860965
0 0.923606 0.273374 0.152789 0.21951
0 0.541356 0.671062 0.144137 0.101547
0 0.556246 0.337419 0.247016 0.13698
0 0.605729 0.214532 0.20302 0.0951802
0 0.77274 0.0574165 0.126709 0.114833
0 0.67935 0.713918 0.124386 0.116681
0 0.279893 0.743657 0.295656 0.140289
0 0.33293 0.623078 0.283056 0.112985
0 0.394831 0.4654 0.205431 0.0722123
0 0.0884494 0.21259 0.175058 0.128283
0 0.804824 0.201956 0.113987 0.11777
0 0.27469 0.537387 0.183043 0.0709392
0 0.0551294 0.528862 0.110259 0.130325
0 0.0885856 0.18059 0.176072 0.192737
0 0.969362 0.0925439 0.0609707 0.180709
0 0.10158 0.68921 0.162463 0.04369
0 0.0183386 0.414405 0.0364922 0.155832
0 0.971405 0.257413 0.0570228 0.237391
0 0.302041 0.539861 0.130738 0.0763642
0 0.0866921 0.0215697 0.0623841 0.0431395
