0 0.848894 0.500187 0.226604 0.254506
0 0.075256 0.600469 0.150512 0.349429
0 0.0689677 0.814697 0.137935 0.358367
0 0.485291 0.418522 0.251316 0.27915
0 0.356449 0.73331 0.160111 0.29026
0 0.610891 0.129578 0.251656 0.196674
0 0.449859 0.69163 0.150575 0.251988
0 0.635696 0.662051 0.175322 0.25715
0 0.217479 0.288984 0.16282 0.252881
0 0.708821 0.175465 0.18238 0.170553
0 0.606475 0.575364 0.161833 0.247115
0 0.341239 0.374178 0.218606 0.252478
0 0.348972 0.304725 0.189412 0.205064
0 0.91051 0.150995 0.17898 0.261165
0 0.890655 0.297734 0.218691 0.223917
0 0.181894 0.645531 0.145411 0.266924
0 0.0971829 0.933809 0.0957917 0.131272
0 0.436308 0.910015 0.132843 0.17997
0 0.33459 0.918786 0.0942074 0.162429
0 0.327196 0.701127 0.104351 0.18691
0 0.200852 0.918168 0.114914 0.163664
0 0.899445 0.54898 0.20092 0.230708
0 0.682008 0.255148 0.0785301 0.0853689
0 0.497758 0.0542992 0.149652 0.108598
0 0.608695 0.949801 0.0777079 0.100399
0 0.676626 0.812951 0.131771 0.205438
0 0.468957 0.0688368 0.0949605 0.0852795
0 0.427474 0.0385212 0.130447 0.0770423
0 0.859087 0.0659401 0.0848446 0.0694374
