0 0.345237 0.190204 0.0904325 0.256579
0 0.443549 0.678429 0.067232 0.259574
0 0.519433 0.526768 0.0779152 0.313037
0 0.5877 0.857343 0.097397 0.268505
0 0.389949 0.142456 0.0598723 0.280684
0 0.744731 0.226299 0.0666926 0.244191
0 0.538599 0.28743 0.0440664 0.131772
0 0.837904 0.648475 0.0761634 0.263706
0 0.394863 0.171079 0.0493798 0.213072
0 0.45038 0.0541482 0.0446943 0.107134
0 0.550507 0.11649 0.0716434 0.229116
0 0.761938 0.73678 0.256959 0.519898
0 0.832349 0.256718 0.165553 0.380497
0 0.679383 0.956414 0.0652213 0.086937
