0 0.461735 0.784968 0.10583 0.310112
0 0.559638 0.525921 0.293832 0.328897
0 0.205747 0.426082 0.10168 0.247023
0 0.916485 0.793455 0.161922 0.413089
0 0.330442 0.247945 0.215601 0.250545
0 0.356866 0.720382 0.146865 0.305115
0 0.644042 0.449916 0.296977 0.271171
0 0.482266 0.714516 0.22471 0.570967
0 0.568937 0.326361 0.16988 0.110948
0 0.283077 0.308866 0.119477 0.198439
0 0.43357 0.485696 0.110593 0.142389
0 0.472142 0.913957 0.0656338 0.16886
0 0.617161 0.424928 0.358489 0.323851
0 0.138377 0.105236 0.135936 0.145271
0 0.293772 0.230481 0.138656 0.21618
0 0.201329 0.342718 0.0532259 0.0883267
0 0.137394 0.0843196 0.135278 0.0962484
0 0.872793 0.295341 0.254413 0.211591
0 0.452992 0.515566 0.15205 0.201061
0 0.500167 0.311127 0.308498 0.139552
0 0.409882 0.55797 0.299907 0.434066
0 0.543883 0.356879 0.404775 0.307418
0 0.267298 0.0264914 0.126371 0.0529827
0 0.50842 0.741561 0.171702 0.516877
0 0.458645 0.67512 0.242942 0.450822
0 0.84477 0.263702 0.310459 0.167309
0 0.484052 0.330327 0.27656 0.245971
