0 0.574894 0.0937467 0.14218 0.187493
0 0.440762 0.0605706 0.123656 0.121141
0 0.133525 0.176423 0.143551 0.312914
0 0.503183 0.0808724 0.137279 0.161745
0 0.924714 0.0568011 0.097485 0.113602
0 0.522279 0.229324 0.177695 0.259764
0 0.383308 0.281059 0.105737 0.205781
0 0.259687 0.0400467 0.0683929 0.0800934
0 0.0960307 0.423971 0.0412951 0.276024
0 0.898189 0.543691 0.200816 0.187423
0 0.207901 0.601786 0.17996 0.154904
0 0.369752 0.054153 0.106796 0.108306
0 0.44288 0.599011 0.296154 0.167637
0 0.665287 0.622985 0.241384 0.173794
0 0.76607 0.34567 0.102168 0.208625
0 0.253803 0.485768 0.163016 0.196897
0 0.341067 0.045617 0.0764055 0.0912341
0 0.0789592 0.838353 0.15665 0.15188
0 0.23102 0.532486 0.233282 0.290129
0 0.0264888 0.679366 0.0529777 0.0763341
0 0.670778 0.0199929 0.0495582 0.0399857
0 0.39593 0.591638 0.214569 0.155974
0 0.154815 0.957542 0.0528121 0.0832869
