0 0.246422 0.563716 0.287742 0.370814
0 0.881093 0.786 0.221053 0.237662
0 0.633131 0.700704 0.260607 0.236584
0 0.253136 0.217862 0.167722 0.285141
0 0.556937 0.835662 0.346323 0.252303
0 0.608296 0.591962 0.313791 0.274053
0 0.808354 0.145952 0.205782 0.273394
0 0.864902 0.365204 0.198412 0.365752
0 0.190372 0.676908 0.142255 0.206059
0 0.571624 0.768822 0.101214 0.0887823
0 0.317599 0.222007 0.24186 0.444013
0 0.315078 0.564121 0.184404 0.234634
0 0.88804 0.129284 0.185776 0.223585
0 0.530396 0.680993 0.195798 0.170004
0 0.373352 0.493808 0.170213 0.243787
0 0.854393 0.311416 0.215655 0.472493
0 0.319714 0.92003 0.137767 0.159941
0 0.931806 0.0914264 0.136097 0.182756
0 0.107061 0.495187 0.0853533 0.134888
0 0.348255 0.468133 0.221124 0.303269
0 0.977131 0.488104 0.0457001 0.307855
0 0.0709189 0.0549177 0.0535121 0.105802
