0 0.14505 0.77607 0.134937 0.0879868
0 0.445242 0.656847 0.142512 0.0843078
0 0.453527 0.348997 0.132705 0.0847638
0 0.751504 0.478024 0.110525 0.0989855
0 0.741402 0.698116 0.0895897 0.0861414
0 0.317857 0.785058 0.117362 0.0863387
0 0.365363 0.686689 0.136398 0.087866
0 0.389525 0.499524 0.148084 0.0571234
0 0.258138 0.812711 0.101062 0.0994858
0 0.810754 0.237088 0.100567 0.0811187
0 0.572888 0.28998 0.131795 0.082483
0 0.525247 0.264659 0.127961 0.0817337
0 0.916809 0.394899 0.0793796 0.0826871
0 0.702022 0.293468 0.112986 0.0926858
0 0.845581 0.403702 0.0613305 0.0695537
0 0.639374 0.774643 0.0723708 0.067132
0 0.564116 0.852996 0.10046 0.0743012
0 0.529939 0.577945 0.104259 0.0824415
0 0.582079 0.455113 0.0972464 0.0735969
0 0.513138 0.211455 0.151007 0.0876136
0 0.501312 0.79443 0.0778219 0.0827234
0 0.62173 0.374582 0.0675985 0.078802
0 0.356455 0.720891 0.111354 0.0656189
0 0.668868 0.475332 0.0947056 0.0903357
0 0.636189 0.668368 0.0845312 0.0961727
0 0.419133 0.476261 0.133672 0.0584867
0 0.499684 0.414452 0.0965382 0.0591762
0 0.287719 0.583885 0.123572 0.0466482
0 0.726109 0.149242 0.0754857 0.06742
0 0.793309 0.369366 0.0502531 0.0926018
0 0.397102 0.542462 0.140709 0.0724756
0 0.421422 0.892877 0.105044 0.0314904
0 0.691481 0.679133 0.0556627 0.0745946
0 0.408471 0.793823 0.067638 0.0621033
0 0.238119 0.87413 0.0811173 0.110971
0 0.878704 0.497858 0.0632733 0.0577972
0 0.415457 0.577972 0.179654 0.068388
0 0.171445 0.859946 0.0632705 0.0597114
0 0.567681 0.683188 0.0580132 0.0503523
0 0.59506 0.357078 0.072758 0.109466
0 0.366595 0.429419 0.154003 0.0240062
0 0.101916 0.686663 0.07009 0.0900465
0 0.410809 0.397221 0.0999899 0.0261904
0 0.0521893 0.984974 0.104379 0.0300524
0 0.18786 0.719445 0.09413 0.079352
0 0.896225 0.182897 0.124413 0.0774046
0 0.654424 0.19963 0.0683612 0.0332855
0 0.616469 0.357916 0.0649584 0.110939
0 0.936419 0.268543 0.0953638 0.141514
0 0.181002 0.637974 0.0668502 0.0443067
0 0.381414 0.575404 0.177908 0.0637905
0 0.879565 0.0187535 0.111601 0.037507
0 0.880241 0.490597 0.0624304 0.0408385
