0 0.668798 0.457855 0.227965 0.517897
0 0.518522 0.280303 0.203691 0.309709
0 0.697402 0.652387 0.183478 0.321371
0 0.675049 0.809957 0.158214 0.276742
0 0.442509 0.344371 0.142447 0.251328
0 0.127269 0.240667 0.2187 0.476343
0 0.712452 0.786703 0.174311 0.288173
0 0.485945 0.0882867 0.107786 0.176573
0 0.289387 0.761824 0.106612 0.20825
0 0.913375 0.645337 0.17325 0.250747
0 0.612689 0.922482 0.137704 0.155035
0 0.365857 0.644905 0.200619 0.373482
0 0.352553 0.959952 0.0612509 0.0774527
0 0.242543 0.232732 0.0709367 0.215099
0 0.205274 0.0384226 0.0390042 0.0768452
0 0.560147 0.606574 0.10342 0.202945
0 0.487898 0.933013 0.0980431 0.13073
0 0.426182 0.533703 0.227999 0.548452
0 0.40102 0.447967 0.159556 0.336331
0 0.265928 0.0870836 0.0667887 0.148942
0 0.247494 0.4667 0.0629539 0.127764
0 0.861316 0.977381 0.13311 0.0450657
0 0.712451 0.741078 0.177078 0.216259
0 0.860818 0.967694 0.133587 0.0646116
0 0.861252 0.984606 0.141186 0.0307872
0 0.497978 0.705395 0.0841722 0.185889
0 0.345467 0.604567 0.153301 0.288291
0 0.430374 0.771956 0.0749357 0.131023
0 0.0632573 0.0370686 0.0469259 0.0741373
0 0.457735 0.976864 0.0453415 0.0421559
