0 0.710104 0.431973 0.29152 0.167196
0 0.899544 0.700204 0.199947 0.187769
0 0.175113 0.465804 0.196478 0.0959176
0 0.459016 0.647566 0.21912 0.179041
0 0.852598 0.546223 0.294803 0.157702
0 0.190696 0.558661 0.315407 0.133343
0 0.706773 0.759565 0.2088 0.144549
0 0.865992 0.363618 0.229732 0.130933
0 0.607166 0.509166 0.298372 0.253988
0 0.446435 0.154023 0.276587 0.0793789
0 0.0597859 0.284633 0.118015 0.0722634
0 0.263762 0.396091 0.322161 0.123587
0 0.281987 0.325576 0.276357 0.0899918
0 0.457254 0.222505 0.280279 0.0681334
0 0.812478 0.294654 0.317021 0.0944986
0 0.298643 0.271546 0.126422 0.0620166
0 0.933422 0.651997 0.133156 0.119725
0 0.572105 0.475105 0.367456 0.328733
0 0.915073 0.236201 0.126286 0.113268
0 0.93335 0.878015 0.132981 0.139073
0 0.144837 0.177517 0.24732 0.0507935
0 0.212349 0.396501 0.208138 0.127747
0 0.402549 0.518918 0.109089 0.0979894
0 0.431359 0.535585 0.297164 0.166969
0 0.415199 0.213757 0.287172 0.0525733
0 0.504119 0.568271 0.146809 0.101377
0 0.982138 0.956965 0.0352583 0.0747037
0 0.800044 0.275257 0.309864 0.0842784
0 0.377617 0.512636 0.187818 0.138563
0 0.040285 0.34943 0.08057 0.151417
0 0.230621 0.313504 0.169058 0.0742513
0 0.98894 0.420969 0.0218697 0.211397
0 0.190749 0.173626 0.148793 0.0430254
0 0.0405126 0.373194 0.0810252 0.105007
0 0.52615 0.627909 0.205806 0.128909
0 0.981809 0.948254 0.0363818 0.0521898
0 0.890106 0.781182 0.217887 0.171159
