0 0.285051 0.527203 0.185618 0.238815
0 0.618891 0.0748228 0.0510925 0.146887
0 0.472114 0.793908 0.142376 0.16723
0 0.818261 0.242334 0.131961 0.179703
0 0.68694 0.0934346 0.0424771 0.186869
0 0.402017 0.293565 0.174452 0.166083
0 0.637035 0.697901 0.164852 0.10022
0 0.86109 0.813644 0.270428 0.1821
0 0.679429 0.66658 0.173827 0.10783
0 0.501099 0.425638 0.120611 0.0951415
0 0.131675 0.115207 0.256944 0.230413
0 0.939657 0.920161 0.116476 0.0658081
0 0.238509 0.0523753 0.0613394 0.102096
0 0.279734 0.0897022 0.0808592 0.179404
0 0.383136 0.47117 0.316729 0.207694
0 0.0923085 0.223498 0.184617 0.323153
0 0.599938 0.248581 0.0592943 0.162467
0 0.630227 0.768205 0.139834 0.100795
0 0.959405 0.695431 0.0811894 0.110962
0 0.172959 0.178804 0.329731 0.355039
0 0.743072 0.934333 0.10354 0.0644005
0 0.52616 0.0626545 0.113965 0.125309
0 0.804498 0.583495 0.177286 0.175548
0 0.686292 0.677056 0.149404 0.0916335
0 0.952306 0.810809 0.0646419 0.0456404
0 0.929965 0.968203 0.140071 0.0635933
0 0.798311 0.420455 0.0823393 0.071498
0 0.472664 0.423041 0.174681 0.0962186
0 0.598285 0.454993 0.0488574 0.0739102
