0 0.487764 0.0631767 0.181776 0.126353
0 0.214703 0.141726 0.183757 0.0996949
0 0.43185 0.502137 0.147714 0.0616212
0 0.958972 0.292647 0.0820572 0.142137
0 0.156464 0.521297 0.286996 0.263931
0 0.769441 0.178897 0.212608 0.107364
0 0.527316 0.56852 0.221719 0.147323
0 0.466456 0.417336 0.224972 0.063439
0 0.064206 0.132562 0.127309 0.114528
0 0.148468 0.0387873 0.186502 0.0775747
0 0.812664 0.0954935 0.275396 0.115279
0 0.736946 0.613413 0.12649 0.0619039
0 0.203647 0.0851671 0.0783336 0.0612174
0 0.760731 0.552912 0.165625 0.0715658
0 0.840978 0.669562 0.177193 0.0627791
0 0.02527 0.48689 0.049917 0.148895
0 0.725109 0.336895 0.251927 0.135214
0 0.774975 0.324997 0.147567 0.11281
0 0.815888 0.546469 0.284487 0.0811161
0 0.330688 0.0873367 0.0986421 0.0914674
0 0.225643 0.472491 0.140427 0.0932458
0 0.855037 0.0951398 0.187206 0.115114
0 0.0914298 0.590927 0.117215 0.0621418
0 0.38968 0.545729 0.195679 0.0995281
0 0.387494 0.0240991 0.0988517 0.0481981
0 0.774298 0.304817 0.143221 0.0727311
0 0.715841 0.354171 0.231854 0.103949
0 0.960538 0.647792 0.0789246 0.0432584
0 0.648071 0.0483535 0.159186 0.0967069
0 0.429122 0.423305 0.145518 0.0532923
0 0.39308 0.0180876 0.0998725 0.0361752
