0 0.337449 0.215202 0.23988 0.321391
0 0.562547 0.334282 0.16103 0.172599
0 0.12439 0.0663118 0.178493 0.0890713
0 0.736887 0.653194 0.19091 0.0618722
0 0.0328992 0.256166 0.0657984 0.0840977
0 0.0797016 0.584235 0.159403 0.0989632
0 0.733928 0.434764 0.157501 0.0961461
0 0.784865 0.770498 0.28726 0.107395
0 0.908976 0.459123 0.180973 0.250191
0 0.368835 0.579147 0.226087 0.0691387
0 0.536786 0.81601 0.201088 0.105735
0 0.677153 0.304504 0.0976324 0.0901824
0 0.510714 0.543653 0.371205 0.121953
0 0.745809 0.443545 0.132479 0.0789543
0 0.931595 0.62135 0.136811 0.0652672
0 0.1489 0.496743 0.15205 0.0860574
0 0.429341 0.679211 0.101447 0.0433783
0 0.333452 0.849016 0.134898 0.0616719
0 0.0708672 0.283323 0.12102 0.0517633
0 0.281284 0.825877 0.237234 0.0734387
0 0.0201843 0.932517 0.040325 0.0688271
0 0.114633 0.280418 0.202273 0.0571137
0 0.122024 0.76224 0.111395 0.117935
0 0.115094 0.893785 0.132052 0.082374
0 0.23753 0.819489 0.146691 0.0617057
0 0.0654253 0.15032 0.130851 0.0874422
0 0.846084 0.532708 0.133211 0.0739027
0 0.944748 0.705294 0.110157 0.0763701
0 0.480552 0.64766 0.251502 0.0394952
0 0.360238 0.805956 0.150594 0.0397022
0 0.559463 0.548815 0.273964 0.124254
0 0.165291 0.889037 0.230758 0.0902069
0 0.355358 0.71101 0.257973 0.0992209
0 0.0217951 0.871052 0.0435902 0.133246
0 0.219944 0.892154 0.339139 0.0924391
0 0.100072 0.15725 0.200143 0.106043
0 0.110224 0.497734 0.219448 0.081308
0 0.0728681 0.510726 0.145736 0.0655182
0 0.477573 0.527311 0.308307 0.0903704
0 0.105184 0.515355 0.0882467 0.055317
0 0.4269 0.514803 0.211283 0.0602893
