0 0.532163 0.623334 0.143915 0.255327
0 0.299899 0.456189 0.169823 0.1386
0 0.479057 0.405348 0.150505 0.168529
0 0.503213 0.176872 0.131102 0.105722
0 0.764279 0.201803 0.153549 0.186459
0 0.585497 0.229745 0.147424 0.10402
0 0.248835 0.962022 0.0676511 0.0759556
0 0.753637 0.718 0.163779 0.21037
0 0.844707 0.663131 0.105005 0.153895
0 0.508816 0.537697 0.139206 0.159635
0 0.264122 0.5513 0.180367 0.130839
0 0.471581 0.870494 0.186804 0.244424
0 0.263209 0.624651 0.184173 0.139611
0 0.843815 0.503722 0.0950554 0.203712
0 0.972622 0.409188 0.0542443 0.177078
0 0.670036 0.588964 0.113812 0.158287
0 0.680811 0.11895 0.0849365 0.0732469
0 0.510245 0.959625 0.0890993 0.079557
0 0.53297 0.956029 0.134025 0.0879415
0 0.417018 0.330633 0.0704733 0.0553056
0 0.878102 0.308776 0.0842409 0.105011
0 0.72755 0.62415 0.097106 0.139596
0 0.0539783 0.762462 0.107144 0.175154
0 0.265623 0.759868 0.239409 0.198571
