0 0.09095933553062958 0.35780588541026653 0.1323044880445521 0.10718292592480838
0 0.3441983946784051 0.36537173900495895 0.1261027151674638 0.0636792677553274
0 0.3661630069514264 0.34756045866745394 0.0739044601186366 0.04192743867058679
0 0.4524710128242398 0.371361373100757 0.13798944651521639 0.13303292570667402
0 0.5827082432430958 0.46577692108452207 0.1266195295738879 0.10119329182901021
0 0.40027275777541255 0.4936760062149501 0.16383016683641805 0.11096585272215459
0 0.1987151392700402 0.5401744814323304 0.16796468208781035 0.12010792581574115
0 0.3436815802719811 0.5901406395472777 0.12920360160600797 0.08133292614294285
0 0.5526971312400006 0.6821918582827013 0.17313282615205067 0.10087804792923127
0 0.6477909820220225 0.7744006989680146 0.16589742446211408 0.09362743823431796
0 0.7059326027447259 0.7425610650903508 0.1519434354886654 0.10686768202502961
0 0.6131644167916123 0.8092351498935773 0.15142662108224125 0.06367926775532762
0 0.47543337747960784 0.7397238699923413 0.17778415580986684 0.15100182799406836
0 0.8343609827410978 0.8581402450995184 0.19173814478331563 0.1179012185172893
0 0.8733804704261122 0.7826393311024842 0.09819473722056604 0.06840792625201009
0 0.7780282124408784 0.7047740878571087 0.1658974244621142 0.10749816982458726
0 0.9653734347695899 0.8802073180840378 0.06925313046082016 0.029632926579211682
0 0.9744176868820105 0.7641975629654216 0.05116462623597906 0.04287317036992311
0 0.592491840534651 0.610831405723012 0.1772673414034429 0.14469694999849125
0 0.687844098519885 0.5655939061047472 0.11266554060043898 0.1462731694973856
0 0.17520008377774676 0.2588615916199279 0.05788321351949155 0.03215487777744255
0 0.0782973825732408 0.24246890883142772 0.09767792281414198 0.05674390196019269
0 0.14780892023727304 0.27352043295964423 0.05168144064240318 0.0318396338776637
0 0.1314786891573812 0.10686768202502955 0.18357026883560096 0.14312073049959712
