0 0.2354694090110419 0.3027867348200815 0.1524261585717723 0.1975559231630973
0 0.24996591106815064 0.0729143168291763 0.16114153154639788 0.1458286336583526
0 0.06647220478353305 0.102083165 0.12044440956706609 0.18749967
0 0.3978902954944791 0.633858314334677 0.18992615857177236 0.22095083931359238
0 0.22451500084334447 0.397785416861963 0.16153000168668896 0.212236833723926
0 0.23443433513742212 0.14434791697910343 0.21902689730796987 0.2168252267614672
0 0.28538216529750493 0.27536496964016305 0.15826433059500988 0.1927123928032605
0 0.609704641350211 0.7805907172995781 0.16244725738396626 0.18284106891701835
0 0.4477848101265823 0.5576652601969058 0.14451476793248952 0.16174402250351622
0 0.35443037974683544 0.7805907172995781 0.1371308016877637 0.1912798874824191
0 0.2631856540084388 0.6068917018284107 0.19303797468354433 0.21237693389592116
0 0.1719409282700422 0.42264416315049225 0.12658227848101267 0.17580872011251758
0 0.3491561181434599 0.09353023909985936 0.21308016877637131 0.18706047819971872
0 0.4061181434599156 0.2623066099852963 0.15822784810126578 0.21800281209436193
0 0.6060740694541892 0.4571026722925457 0.20370932034297762 0.25316455696202544
0 0.058016877637130794 0.23066104084799163 0.11603375527426159 0.21378340353608422
0 0.4878691983122363 0.4746835443037975 0.23734177215189872 0.31645569620253167
0 0.7774261601338088 0.9423347398030943 0.1392405059216263 0.11533052039381142
0 0.8264767932489452 0.7665260196905767 0.34704641350210974 0.25035161744022494
0 0.8786919831223629 0.6652601969057665 0.2426160337552743 0.17721518987341778
0 0.7774261603375527 0.4845288326300985 0.37130801687763704 0.34458509142053445
0 0.9715189873417722 0.9542897327707454 0.05696202531645567 0.09142053445850917
