0 0.6104293699500897 0.8800474260906085 0.1016514216969513 0.23990514781878303
0 0.552344 0.2135398484029677 0.06718799999999991 0.4270796968059354
0 0.8585940000000001 0.0677085 0.07968800000000009 0.135417
0 0.6430894305490137 0.3289588163030065 0.1894817044919297 0.5615593554496512
0 0.476338122158159 0.6156817803086407 0.1242038364822472 0.40263793688327476
0 0.6287016359134532 0.5811051140980508 0.1027284738233194 0.3222366582143802
0 0.5091463414320242 0.9525745257452576 0.05894308949367516 0.09485094850948494
0 0.36331300813008127 0.2906504065040651 0.06402439024390244 0.3672086720867209
0 0.4085365853030727 0.19986449864498645 0.044715447028909616 0.3997289972899729
0 0.49186991869918706 0.05420054200542006 0.05081300813008133 0.10840108401084012
0 0.3643292682926829 0.7249322493224932 0.08841463414634143 0.3902439024390243
