0 0.27947154471544716 0.8550135501355014 0.24796747967479674 0.16531165311653118
0 0.0782520325203252 0.7459349593495934 0.1565040650406504 0.09620596205962051
0 0.023373983739837397 0.8211382113821137 0.046747967479674794 0.10298102981029811
0 0.10823170731707316 0.4796747967479674 0.2164634146341463 0.13008130081300812
0 0.22103658536585366 0.42411924119241196 0.2896341463414634 0.13821138211382117
0 0.12804878048780488 0.33875338753387535 0.25609756097560976 0.13008130081300817
0 0.06758130081300813 0.18766937669376693 0.13516260162601626 0.04471544715447154
0 0.29827235775496774 0.05013550135501355 0.32825203245754425 0.1002710027100271
0 0.3074186991869919 0.0975609756097561 0.3262195121951219 0.14905149051490513
0 0.07367886188278933 0.011517615176151762 0.10467479655962457 0.025745257452574527
0 0.06351626016260163 0.537940379403794 0.12703252032520326 0.0677506775067751
0 0.9786585365853657 0.518970189701897 0.04878048780487798 0.10298102981029811
0 0.842479674796748 0.8895663956639567 0.315040650406504 0.22086720867208665
0 0.9827235772357723 0.7391598916549482 0.03455284552845528 0.06639566406870367
0 0.856199186929089 0.6415989161012241 0.25914634133785264 0.17479674819160818
0 0.7459349593495935 0.720189701897019 0.3313008130081301 0.2588075880758809
0 0.5416666666980572 0.6578590785907859 0.10162601632294366 0.07994579945799452
0 0.521341463414634 0.5643631436314362 0.25406504065040647 0.14769647696476962
0 0.6016260162601625 0.5203252032520326 0.26016260162601623 0.13821138211382117
0 0.3918648743369118 0.7083249220109782 0.44681851777195447 0.2418867163878251
0 0.7093411895959322 0.909897185019193 0.14278035342336892 0.08734797962121377
0 0.623127428172151 0.15189973745097393 0.2328992019445184 0.181138572663201
0 0.5962675487172859 0.24862817628319034 0.20599005539164045 0.2250890277497816
0 0.8673780487804879 0.507452573685263 0.2652439024390244 0.31029810130006535
0 0.7322154467777857 0.31165311653116534 0.2367886171328072 0.21951219512195122
