0 0.5897632737130671 0.15786802175380857 0.2441785182163526 0.1873039720323984
0 0.3554778554778555 0.3962703962703963 0.5361305361305362 0.372960372960373
0 0.3082750582750583 0.7039627039627039 0.2692307692307693 0.09013209013209
0 0.5454545454545455 0.679098679098679 0.20512820512820512 0.0932400932400933
0 0.3886946386946387 0.23465423465423466 0.2738927738927739 0.30769230769230765
0 0.6637529137529137 0.3146853146853147 0.2738927738927738 0.1351981351981352
0 0.4982517482517482 0.7762237762237763 0.1456876456876457 0.07614607614607616
0 0.35256410256410253 0.5866355866355866 0.32051282051282043 0.1320901320901321
0 0.6078088578917675 0.5617715617715617 0.1993006991348798 0.10411810411810418
0 0.9539627039627039 0.8112998079123566 0.09207459207459212 0.12454211776721535
0 0.9632867135768972 0.9308469308469309 0.07342657284620546 0.08080808080808077
0 0.9113163099954589 0.6146076146076146 0.17736738000908214 0.08857808857808847
0 0.6923076923076923 0.8523698523698524 0.2913752913752915 0.18492618492618496
0 0.711538461994465 0.4366744366744366 0.2552447561567621 0.12432012432012435
0 0.8648018651335037 0.36363636363636365 0.12121212054884334 0.05594405594405594
0 0.9527972027972028 0.4864024864024864 0.09440559440559437 0.09324009324009319
