0 0.5782549664652036 0.8661924126525372 0.10222508543133513 0.2676151746949256
0 0.522183400932122 0.1997405048857255 0.06485475873467988 0.399481009771451
0 0.5996488397079113 0.5523061771215231 0.10305784101295323 0.31775664988061236
0 0.6153354754275556 0.3014934856982446 0.1711445114540353 0.5440178261308647
0 0.32926829299683164 0.6998644986449865 0.07520325140471074 0.3834688346883468
0 0.4486788617886179 0.5853658536585367 0.11483739837398377 0.3902439024390244
0 0.34247967479674796 0.2594850948509485 0.0630081300813008 0.3617886178861789
0 0.38313008130081305 0.20799457994579945 0.044715447154471566 0.4159891598915989
0 0.470020325203252 0.06233062330623306 0.05792682926829268 0.12466124661246612
0 0.47154471544715443 0.9329268292682927 0.07723577235772361 0.13143631436314362
0 0.827743902219291 0.06233062330623306 0.10060975616034218 0.12466124661246612
