0 0.20848544901154 0.666293081357133 0.04071695372929468 0.06697086946435704
0 0.2059519496683839 0.5948145572172905 0.041078882206888434 0.07737314948470808
0 0.2444068504127178 0.5857992478663194 0.03836441862493545 0.07182526680718737
0 0.30654319602260316 0.522624135697535 0.04102914137321262 0.05591192819976182
0 0.3225834015729636 0.46057561028799543 0.032211634505842024 0.04864304276183323
0 0.2544503656659438 0.4791224792869475 0.08668187038369854 0.13003622766240625
0 0.3442991102285875 0.4042546941778077 0.09084404787602635 0.09510656018606883
0 0.3896306520472023 0.3278722380283712 0.08487222799572991 0.07132992013955158
0 0.33009341748303356 0.33713522071316027 0.03492609808779501 0.04507654675485562
0 0.36167167715308657 0.2818049979382441 0.034745133848998244 0.021597114708919785
0 0.3880924560174289 0.2350938071801905 0.035468990804185585 0.027640344054076282
0 0.48255578866939264 0.26060416056343294 0.07093798160837123 0.06598017612908527
0 0.3977740427930613 0.402818188841664 0.057365663698606406 0.05181326143470205
0 0.4105320216282403 0.3671532287718883 0.02931620668509216 0.026649650718804818
0 0.4574922415960268 0.32143273134910616 0.07039508889198065 0.07093364280544301
0 0.5519555742479907 0.28378638460878725 0.12577014596382147 0.08757729083800506
0 0.6707585970181327 0.21602296047621317 0.09808261742790114 0.09550283752017741
0 0.7452253812830427 0.1603955297007156 0.05229866501229419 0.04666165609129003
0 0.6745954158826688 0.06410069137833727 0.09699683199511977 0.05062442943237624
0 0.7200448310560714 0.11942098885343203 0.1042938529961257 0.06316155452090418
0 0.7312449792415676 0.0890269631393017 0.05684376283391612 0.043777945930981596
0 0.7819467253285989 0.09614747241723248 0.04937699737691892 0.05327195830155597
0 0.6346587551042779 0.16504499274535867 0.07707628858836091 0.05920571603316491
0 0.6391269122822767 0.14324580240836388 0.11390402058170268 0.09841622103585142
0 0.5751654948501368 0.1262118449240512 0.10694335041635072 0.06065619014533599
0 0.4829148119459423 0.3945948891519955 0.060697577263334024 0.07397417972072495
0 0.513022737175771 0.4147696654394658 0.04720922676037104 0.05076659392598759
0 0.4447379627545199 0.402704358051861 0.045523182947500795 0.04826122955041945
0 0.3895802437334741 0.46731638668493625 0.03155310564086028 0.0345476561262566
0 0.38151131977188 0.5294889815839057 0.05973412365597969 0.09137986906677792
0 0.44798961867934134 0.5013365976794942 0.08141182982145623 0.07806187949138893
0 0.5133840322785288 0.21605471207202825 0.033961739659246426 0.023075724511812584
0 0.3719486797057778 0.6383404706381988 0.06768261591665459 0.06329341580382875
0 0.33473528412170983 0.6703168317474248 0.05202649479714366 0.03678929793597552
0 0.3382278034483699 0.729984062270826 0.05371253861001407 0.08597355646686755
0 0.27362082448868125 0.6740748783107773 0.051063041189789105 0.07463348613534804
0 0.2531474353323979 0.741851577734044 0.08285701023248798 0.09388523344234623
0 0.21677706165476507 0.8316952628547498 0.07225902055158837 0.1161302318717331
0 0.2075038206839779 0.7584660993825489 0.039742461303373555 0.03797604948229705
0 0.2915651479256591 0.8280229261252985 0.0729816107571043 0.08109468899865568
0 0.30047709379368825 0.7580045848923128 0.023363749978346893 0.059205716033164935
0 0.3046922033258642 0.695568267427494 0.016378711325026718 0.01925174730699797
0 0.2624206763031851 0.6274619147969158 0.019991662352606188 0.02914134352634612
0 0.31142421237042806 0.5840996797242277 0.0986255101442916 0.09748422419072067
