0 0.497751118633808 0.2519281534090868 0.18547194056194727 0.11923332808480827
0 0.4638459050430215 0.20632750774103847 0.07224204990622751 0.04799424473643066
0 0.382609864987826 0.24901265460839495 0.06876050533243327 0.05096733954311217
0 0.46964847933267834 0.40711758914942425 0.1505768028165947 0.047357152992141716
0 0.34793948360712645 0.45659838128919567 0.11082916893244532 0.09662558121715026
0 0.5785918116209852 0.313571284696337 0.15086693153107744 0.07432737016703866
0 0.7233660401479229 0.24784465307719858 0.12533560465658744 0.05627643741218641
0 0.7288784857230968 0.2761952356980547 0.06556908947312212 0.032704042873496986
0 0.8793064547751381 0.2074955092722348 0.12765663437245023 0.07751282888848313
0 0.9569158858992981 0.1578023532177004 0.0861682282014038 0.029943311981578402
0 0.8939579548565215 0.10364955495314368 0.15231757510349164 0.06434626617317918
0 0.7220566915254383 0.1250983103442034 0.13229869380417547 0.05924953221886793
0 0.660259275340593 0.16289908717201163 0.15783002067866558 0.05330334260550487
0 0.5856961957185028 0.16969473244442657 0.08935964406071495 0.035040045935889635
0 0.5877270967198828 0.14506051833192232 0.12127380265382759 0.04056150771972676
0 0.6318266613212746 0.24710137937552823 0.15608924839176852 0.06965536404225334
0 0.7429459589682028 0.21397260867250534 0.0678901191889848 0.036101865509704484
0 0.2743880850784143 0.3315160354938078 0.09168067377657779 0.07114191144559417
0 0.28048078808255394 0.356787341350601 0.05396394089380846 0.040561507719726775
0 0.3473554567708489 0.3713342695118642 0.09893389163864885 0.08452083807566113
0 0.18640769905522542 0.5771149029171797 0.10009440649658019 0.07347791450798691
0 0.07818968855312569 0.608332398387336 0.10183517878347725 0.13421399413019564
0 0.13360427301934835 0.5685141643692795 0.06179741618484516 0.039287324231149
0 0.19293559513108932 0.5358101214957826 0.0771742380524357 0.04820660865119364
0 0.13810126809383239 0.5213693752919007 0.05338368346484276 0.05075497562834924
0 0.07760943112416 0.5273155649052639 0.0635381884717422 0.05160443128740111
0 0.10517165900002992 0.5226435587804786 0.06295793104277653 0.05245388694645309
0 0.18220083269522422 0.4265488873502358 0.14738538695728326 0.10066049559764667
0 0.21063344671454265 0.46519911983709583 0.08123604005519547 0.05903716830410494
0 0.30463515020698323 0.37090954168233825 0.12127380265382762 0.09896158427954282
0 0.2570540410317972 0.48675405718553705 0.08239655491312686 0.06094844353697171
0 0.808950241513049 0.18264893124496762 0.07572359448002153 0.028244400663474695
0 0.4416472889777723 0.32684402936902246 0.06701973304553627 0.04013677989020087
0 0.6311013395350675 0.20590277991151254 0.07108153504829617 0.028881492407763554
0 0.42997075486357056 0.3786448600223711 0.08877938663174945 0.05181679520216409
0 0.3812291308304532 0.3810870450421452 0.10676736692968553 0.07156663927512003
