0 0.8393362214373092 0.5936504108534564 0.17836756407246668 0.10396682170691285
0 0.5727878948787968 0.44080064223873944 0.1955757897575935 0.0982672844774789
0 0.8303370408273841 0.6812499999999999 0.12005008165476827 0.07916600000000007
0 0.2172099075975932 0.6189105739093916 0.275679976792317 0.12115514781878334
0 0.372656 0.9614585 0.15781199999999995 0.07291700000000001
0 0.32060053162464464 0.45416650000000003 0.14120106324928933 0.10833300000000001
0 0.38231667175261935 0.28306893590751514 0.2426069041041624 0.20157079664782615
0 0.8309746428204194 0.21052105826809725 0.3349267143591611 0.15437611653619446
0 0.7489498369771065 0.4242057645824472 0.2804199971484742 0.1971920129354574
0 0.5447530581034075 0.6304254899729153 0.27174796459175043 0.1379512487072545
0 0.22522835968515728 0.44568106047132033 0.24416126980763347 0.15802812094264074
0 0.569645329550807 0.5537515268761424 0.241959340898386 0.10750305375228486
0 0.838471549251345 0.7653974764401899 0.16680690149730992 0.16101108726109148
0 0.26898635368785845 0.6613078903813108 0.23875501857128636 0.09470183451490621
0 0.09991564362876687 0.44085051644954065 0.17651798032551552 0.14836703289908137
0 0.8089430894308943 0.532520325203252 0.2642276422764227 0.12466124661246608
0 0.3704268292682927 0.5311653113729558 0.09451219512195119 0.0623306227459115
0 0.4852642276422764 0.7208672086720868 0.20020325203252032 0.14905149051490518
0 0.052337398091469395 0.9715447155592187 0.10467479618293879 0.05691056888156243
0 0.9852642276422765 0.7621951218391552 0.029471544715447107 0.0609756095319689
0 0.22560975609756098 0.5542005420054201 0.08333333333333331 0.06504065040650409
