0 0.5520867644149561 0.7554899961149961 0.16885255697728974 0.2118340264180264
0 0.24602712107204483 0.7716819776324151 0.20238877301219063 0.28051006027518555
0 0.06177154386306076 0.9234654234654235 0.09790213371909995 0.15306915306915303
0 0.30361305361305363 0.864024864024864 0.18298368298368306 0.19580419580419595
0 0.3904428904428905 0.8811188811188811 0.19813519813519814 0.18958818958818946
0 0.35314685327121775 0.508935508935509 0.2144522142034853 0.2750582750582751
0 0.49242424242424243 0.6340326340326341 0.10839160839160839 0.1709401709401709
0 0.5606060606060606 0.6355866355866355 0.10722610722610726 0.18958818958818957
0 0.6404428903185257 0.028305018142664628 0.11072261047388154 0.06460208492679195
0 0.6550116549702002 0.13675213675213677 0.22377622369331407 0.27350427350427353
0 0.7266899766899766 0.1864801864801865 0.2972027972027972 0.34498834498834496
0 0.9189976687903946 0.16550116550116548 0.1596736592591108 0.33100233100233095
0 0.6754079254493803 0.9094794094794094 0.13403263411554378 0.18104118104118105
0 0.7406759906759905 0.6130536130536131 0.11538461538461553 0.16627816627816627
