0 0.580469 0.4645835 0.13281199999999993 0.145833
0 0.45950178187526214 0.7807408463569494 0.24060777679916462 0.2285709640778112
0 0.05132845450552094 0.08270921356065206 0.10265690901104188 0.1654184271213041
0 0.492969 0.20208335 0.10781199999999996 0.27083330000000005
0 0.6471518987341772 0.9261603375527427 0.13818565400843874 0.14767932489451463
0 0.6592827004219409 0.8579465541490858 0.20464135021097052 0.1884669479606188
0 0.49156118143459915 0.5379746835443038 0.16033755274261602 0.18143459915611815
0 0.38080168776371304 0.590014064697609 0.14135021097046413 0.15893108298171588
0 0.3291139240506329 0.14556962025316456 0.18776371308016876 0.22644163150492266
0 0.18618143422562566 0.24050632911392406 0.16561181359893062 0.3319268635724332
0 0.11726920480390597 0.3480685166063167 0.1331574851146504 0.27886296678736655
0 0.3358675830846764 0.36248780003041847 0.14040605265278994 0.23064466909604991
0 0.75 0.6104078762306611 0.18354430379746844 0.3066104078762307
0 0.7658227848101267 0.7918424758093592 0.13291139240506322 0.27004219324766743
0 0.13343881836165697 0.0189873417721519 0.06856540002890628 0.0379746835443038
0 0.6820128479657388 0.0356887937187723 0.10278372591006424 0.0713775874375446
