0 0.546836890149731 0.6258519855997627 0.19367378029946208 0.0850379711995255
0 0.11129319064883429 0.35923244183046776 0.1725863812976686 0.16846488366093543
0 0.1484375 0.8291665 0.296875 0.10833300000000001
0 0.46328099999999994 0.8135419999999999 0.20156199999999996 0.09375
0 0.17455746268374017 0.20143122959099896 0.22960272836210016 0.21952905918199794
0 0.2484375 0.6311995201571068 0.221875 0.10240514781878296
0 0.6339982064534804 0.5666665 0.23049641290696066 0.11666699999999997
0 0.5840300126016139 0.733092014242823 0.24306002520322778 0.149518028485646
0 0.7613694103493722 0.44998207810822455 0.21961282069874455 0.1340736609867192
0 0.7932799798003586 0.5781759798428933 0.20891768179677195 0.1644820403142136
0 0.1953125 0.4172590461134819 0.21562499999999998 0.16785209222696384
0 0.9070121951219512 0.03387533875338753 0.17581300813008127 0.06775067750677506
0 0.7779471544715447 0.22831978319783197 0.1737804878048781 0.13685636856368563
0 0.8130081300813008 0.11382113821138211 0.2621951219512195 0.09485094850948508
0 0.6829268283265783 0.30081300813008127 0.26626016071819714 0.14363143631436312
0 0.5233739830806372 0.1043360433604336 0.148373982421437 0.07588075880758807
0 0.47357723570957677 0.022357723577235773 0.20934959299368733 0.044715447154471545
0 0.9334349597576698 0.5982384818805344 0.13313008048466046 0.1910569095605269
0 0.06351626016260163 0.7479674796747967 0.12703252032520326 0.15718157181571812
0 0.2759146341463415 0.510162601513952 0.2225609756097561 0.09891598938402019
0 0.30335365853658536 0.736449864498645 0.181910569105691 0.08536585365853677
0 0.38871951219512196 0.2649051490514905 0.15345528455284552 0.1151761517615176
0 0.9024390236682628 0.9803523035230353 0.140243900995062 0.03929539295392959
0 0.031504065040650404 0.6043360433604337 0.06300813008130081 0.1327913279132792
