0 0.5482152101667406 0.8016267639573084 0.13075442899421275 0.22811755277864165
0 0.8150146930773423 0.5098826514802681 0.20393656694385598 0.20818732471655793
0 0.04603729603729603 0.06604506604506603 0.09207459207459207 0.1351981351981352
0 0.2686480186480187 0.1445221445221445 0.05477855477855478 0.17404817404817405
0 0.24533799533799533 0.3916083916083916 0.052447552447552476 0.15850815850815847
0 0.2663170163170163 0.6814296814296814 0.07342657342657344 0.21911421911421913
0 0.41783216774925813 0.9133644133644134 0.12937062920480996 0.17327117327117325
0 0.5017482517482518 0.9335664335664335 0.09207459207459207 0.13286713286713292
0 0.4493006993006993 0.696969696969697 0.10372960372960371 0.2253302253302253
0 0.30652680652680653 0.3504273504273504 0.06993006993006984 0.25641025641025644
0 0.4003496500180115 0.15384615384615385 0.08974358908031199 0.20823620823620825
0 0.5134032634032634 0.13752913752913754 0.08508158508158509 0.14763014763014765
0 0.41375291375291373 0.41802641802641805 0.18181818181818177 0.3636363636363636
0 0.3682983682983684 0.23232323232323232 0.058275058275058245 0.17560217560217561
0 0.5728438228438228 0.358974358974359 0.1713286713286713 0.2579642579642579
0 0.6206293706293706 0.5563325563325563 0.10139860139860146 0.1305361305361305
0 0.8706293708366449 0.89005439005439 0.11188811230266049 0.21989121989121985
0 0.9516317022949794 0.7303807303807304 0.09673659541004132 0.170940170940171
0 0.7878787878787881 0.5827505827505828 0.1864801864801865 0.1740481740481739
0 0.8199300699300699 0.6825564795299972 0.15268065268065256 0.1547005607535259
0 0.9831002331002331 0.9529914529914529 0.03379953379953382 0.09401709401709402
