0 0.18050582948300775 0.8990671360195783 0.21273847911518393 0.14813427203915674
0 0.2815040652289933 0.5365853658536586 0.2784552841761597 0.5121951219512194
0 0.4512195121951219 0.44918699186991873 0.20528455284552843 0.25609756097560976
0 0.453760162601626 0.605691056910569 0.27947154471544716 0.3604336043360434
0 0.5091463414634146 0.7608401084010841 0.3780487804878048 0.21273712737127382
0 0.42022357748689626 0.9037940379403794 0.23272357673352462 0.1653116531165313
0 0.7118902446558106 0.7269647693115036 0.4603658521517934 0.4214092134197551
0 0.9420731707317074 0.5819783196151014 0.11585365853658525 0.1504065044012336
0 0.7977642276422765 0.8346883468834687 0.19105691056910556 0.27913279132791347
0 0.1986788617572274 0.9546070460704608 0.19004065046928503 0.09078590785907859
0 0.2505081301754723 0.736449864498645 0.30386178842954337 0.30487804878048774
0 0.6717479674796749 0.14363143631436315 0.16260162601626027 0.19241192411924118
0 0.9695121951219512 0.4342818430425568 0.060975609756097615 0.1449864494162414
0 0.8638211382113821 0.19308943089430894 0.058943089430894324 0.1368563685636856
0 0.8028455285494559 0.026422764227642278 0.07317073151897446 0.052845528455284556
0 0.983739837398374 0.2418699188112513 0.03252032520325199 0.09620596183549199
