0 0.7230527865470164 0.0596397480118324 0.05625623178401573 0.1192794960236648
0 0.7263653495934959 0.769014636376747 0.1777306991869918 0.1744707272465058
0 0.9356078124127118 0.714583 0.12878437517457642 0.11250000000000004
0 0.9226559999999999 0.8343593639987879 0.15468800000000005 0.11600870112143324
0 0.6251329150943397 0.5347398582373812 0.13167306289308167 0.21947971647476272
0 0.15528378054150016 0.5352023144923338 0.1355675610830003 0.4396696228633259
0 0.3266851589824587 0.7007399628076607 0.15958100978881676 0.18088213309202938
0 0.31477987421383646 0.053668763102725364 0.11886792452830186 0.10733752620545073
0 0.08930817610062892 0.07924528301886792 0.09182389937106919 0.15849056603773584
0 0.15568937136016162 0.13962264150943396 0.15791962322346786 0.2792452830188679
0 0.7911949685534592 0.09392033542976938 0.028930817610062776 0.14926624737945493
0 0.05566037735849058 0.5064989517819706 0.11132075471698116 0.28846960167714886
0 0.09245283018867925 0.7501048218029349 0.07547169811320754 0.21383647798742145
0 0.22358490566037736 0.9178197064989518 0.06981132075471697 0.07463312368972752
0 0.34025157232704406 0.7987421383647799 0.19748427672955973 0.21886792452830195
0 0.5069182389937106 0.5266247379454927 0.14968553459119505 0.1911949685534592
0 0.6610062893081761 0.06457023060796646 0.0591194968553459 0.12914046121593292
0 0.6820754716981132 0.31907756813417193 0.179245283018868 0.39832285115303984
