0 0.48304776009982064 0.9163534865619288 0.06609552019964132 0.16729302687614234
0 0.23882723990017934 0.9418189395286796 0.07859552019964136 0.11636212094264087
0 0.11410060985026901 0.20003821427268967 0.046798780299461995 0.21403300166923694
0 0.41093749999999996 0.9 0.05937500000000001 0.19999999999999996
0 0.14415788137945817 0.6211808298508974 0.07347836375712295 0.3450724221603226
0 0.5099212399001793 0.5780871585710583 0.06547256059892398 0.34262418276140477
0 0.8705828581156669 0.6173452573806542 0.258834283768666 0.2861810254080136
0 0.3371711210740426 0.8909505113455718 0.08684224214808522 0.21809897730885652
0 0.7503391220704521 0.8929539324529674 0.1632798699060406 0.21409213509406522
0 0.22052845528455284 0.14905149051490515 0.06707317073170735 0.2981029810298103
0 0.6539634146341463 0.8130081300813008 0.17987804878048785 0.3739837398373984
0 0.4761178861788618 0.44173441734417346 0.07012195121951226 0.5392953929539296
0 0.2997967479674797 0.3902439024390244 0.1422764227642276 0.5392953929539295
0 0.23424796751106527 0.7242547425474255 0.10467479668518648 0.17208672086720866
0 0.4247967479674797 0.17818428173075412 0.11382113821138207 0.31300812896065777
0 0.39989837398373984 0.13346883440818613 0.04979674796747974 0.09891598859957008
0 0.41158536585365857 0.5630081304735258 0.09552845528455284 0.4810298095136529
0 0.19156504065040653 0.41056910569105687 0.05386178861788618 0.20596205962059616
0 0.27947154471544716 0.061653116531165314 0.05081300813008127 0.0934959349593496
0 0.5579268291427307 0.016260162601626018 0.056910568854567245 0.032520325203252036
