0 0.33141432748467325 0.0511471678409781 0.2378286549693465 0.1022943356819562
0 0.1271097046413502 0.7918424753867792 0.2542194092827004 0.2222222222222222
0 0.1819620253164557 0.8481012658227848 0.08333333333333331 0.07032348804500699
0 0.3217299578059072 0.679324894514768 0.15822784810126583 0.2419127988748242
0 0.32383966244725737 0.5232067510548524 0.09282700421940926 0.13502109704641352
0 0.30116033755274263 0.3614627285513362 0.1550632911392405 0.3178621659634318
0 0.5079113924050633 0.6856540084388185 0.19514767932489457 0.2630098452883264
0 0.5274261603375527 0.4613220815752461 0.22362869198312235 0.20253164556962022
0 0.49208860759493667 0.36779184247538677 0.24578059071729957 0.189873417721519
0 0.6540084388185654 0.15963431786216595 0.21940928270042193 0.22644163150492264
0 0.9303797468354431 0.3431786215992657 0.1392405063291139 0.1434599157325515
0 0.7763713079829202 0.20393811533052042 0.2426160336873594 0.21940928270042195
0 0.751054852320675 0.5133614627285513 0.26582278481012656 0.22784810126582283
