0 0.5964285487846163 0.221875 0.06785709756923253 0.13958400000000007
0 0.3953116747786484 0.05454172239910223 0.13737131414904724 0.10908344479820446
0 0.1440736557942474 0.9180352674366647 0.15643999338526676 0.1639294651266705
0 0.5756003168397802 0.607486784990861 0.15059087607525634 0.23191056439899016
0 0.2606842655060339 0.6723598452233447 0.17245645627099596 0.28997646985481884
0 0.7749999999999999 0.18907889483314522 0.15000000000000002 0.24482438966629047
0 0.20484604039928267 0.5657264596857864 0.15626320199641328 0.30543732251370875
0 0.40919467717406716 0.19815726814034101 0.19918203614490626 0.246314536280682
0 0.24725708968401616 0.13580327209227716 0.17168534749836484 0.2716065441845543
0 0.8572044484676766 0.22223955313067884 0.220155091248045 0.3444791062613577
0 0.18546747970618724 0.3231707317073171 0.12906504058762552 0.15311653116531165
0 0.21646341497944166 0.3807588075880759 0.12195121882160453 0.16531165311653118
0 0.38871951219512196 0.747289972899729 0.125 0.18021680216802172
0 0.36585365853658536 0.5081300815809738 0.0873983739837399 0.10840108457116165
0 0.49339430894308944 0.03319783197831978 0.0843495934959349 0.06910569105691056
0 0.5157520325517158 0.5257452574525745 0.17987804871770685 0.28184281842818415
0 0.6788617882098098 0.5819783204555837 0.08943089349279043 0.115176150416746
0 0.6397357735191714 0.7242547423232968 0.19207316840881172 0.2831978315300626
0 0.38414634152619553 0.8495934959349594 0.1768292681671209 0.30081300813008127
0 0.5101626022538259 0.8170731708437716 0.24999999874438072 0.28184281887644147
0 0.6991869918385283 0.0921409214092141 0.13821138205104022 0.1842818428184282
0 0.5696138211068209 0.08265582644620126 0.13719512126062894 0.16531165289240252
0 0.8140243898358263 0.43902439024390244 0.08943089399503834 0.10298102981029811
