0 0.4557926829268293 0.4180216802168022 0.20833333333333331 0.2696476964769648
0 0.1915650406504065 0.8699186991869919 0.17581300813008133 0.18428184281842808
0 0.041158536585365856 0.9376693766937669 0.08231707317073171 0.12466124661246614
0 0.07977642276422764 0.8021680211759274 0.13922764227642276 0.15718157080713946
0 0.22154471572966883 0.9742547425474255 0.0630081295162721 0.05149051490514889
0 0.31300813017547224 0.9329268292682926 0.10772357704742946 0.13414634146341475
0 0.47306909756092136 0.8909214092140921 0.16971546190799935 0.21815718157181574
0 0.5691056908999582 0.9600271002710027 0.07113821106820906 0.07994579945799463
0 0.6732723577235773 0.9579945799457994 0.0945121951219513 0.0840108401084011
0 0.7759146341463414 0.6768292682926829 0.07418699186991873 0.18292682926829273
0 0.696138211382114 0.7052845528455285 0.1260162601626017 0.23712737127371275
0 0.3467654900418388 0.6585365853658538 0.21703812560737923 0.23848238482384831
0 0.5289634146341463 0.4281842818428184 0.1880081300813008 0.2682926829268293
0 0.6371951219512195 0.17411924080018687 0.12398373983739841 0.2073170723862816
0 0.6377032520325203 0.43766937669376693 0.1087398373983739 0.23035230352303526
0 0.7571138211382114 0.24728997289972898 0.09959349593495925 0.22357723577235775
0 0.7378048780487805 0.4410569105691057 0.11788617886178854 0.2452574525745257
0 0.32926829268292684 0.8062330623306233 0.2682926829268293 0.2710027100271002
