0 0.9330792689518831 0.37269743210368667 0.13384146209623382 0.10582913296879737
0 0.7186460134179928 0.5735358236567423 0.20479610763455058 0.23270783544648127
0 0.929111117867124 0.8493244521463175 0.14177776426575206 0.3013510957073652
0 0.9324949192014348 0.4629755693307268 0.13501016159713042 0.133675380546735
0 0.4590955290517037 0.7664400206152949 0.12555894189659256 0.29019644437272607
0 0.6913656982550844 0.8539647555002776 0.15526735287975268 0.26690580663812213
0 0.7586818444320047 0.25500261679930836 0.1867096329569936 0.14604926047475925
0 0.5653516300499103 0.5759905201571068 0.16274186109802707 0.22325541658020714
0 0.3715897088167244 0.1301573701571068 0.351359183364758 0.19324150157106795
0 0.2515735665852121 0.147399917190356 0.2729886129707829 0.16146643438071198
0 0.7621365486219487 0.8013616611193088 0.13616333963959326 0.24937694652280618
0 0.5163236793012553 0.7222023386286577 0.16547256059892396 0.31879491914259694
0 0.28848287579550547 0.5272321218002465 0.1921344333877828 0.33427453923805917
0 0.8607723577235773 0.8943089430894309 0.12195121951219512 0.21138211382113825
0 0.07387827721343282 0.24378675154108684 0.14775655442686564 0.2192808201553444
0 0.7886178861788617 0.48509485094850946 0.22357723577235755 0.28455284552845533
0 0.4258130081300813 0.33130081300813014 0.1707317073170732 0.1422764227642277
0 0.21392276422764228 0.2195121951219512 0.19410569105691056 0.18699186991869918
0 0.6544715449979615 0.9857723575554809 0.06504065097153267 0.028455284889038257
0 0.806910569105691 0.983739837398374 0.04878048780487809 0.02981029810298108
0 0.13770325203252032 0.23644986489087005 0.08638211382113822 0.10162601704461272
0 0.6427845528455285 0.35636856368563685 0.057926829268292734 0.07588075880758804
0 0.1011178861474713 0.0934959350714139 0.039634146278682475 0.05420054222954866
