0 0.565625 0.5584325609100915 0.03125 0.11686512182018294
0 0.2634102701388188 0.09924020132192231 0.04257178060831557 0.19848040264384462
0 0.34238900456588917 0.07151755893332817 0.04449065001358604 0.14303511786665635
0 0.36545781441974123 0.5667043008943022 0.09116977171164736 0.5599706017886046
0 0.26804172276778576 0.5821174457165619 0.1107905544644284 0.6704848914331238
0 0.4334916864608076 0.16745846153201183 0.06571654790182102 0.33491692306402365
0 0.4623911234444912 0.2838479809976247 0.07125892492416103 0.5676959619952494
0 0.5625494721817803 0.8396674584323041 0.09105307463881485 0.3206650831353919
0 0.6270783738226369 0.8016627370664536 0.057007147841662054 0.39667452586709273
0 0.6100554126191531 0.336698349818436 0.0894694950720355 0.5498812602069433
0 0.5273159144893111 0.20071258907363423 0.08709422011084728 0.40142517814726847
0 0.6393507390068001 0.16864608076009505 0.0799683469352458 0.3372921615201901
0 0.5863024544734758 0.024346793349168644 0.029295328582739533 0.04631828978622328
0 0.7367379277691228 0.41627079219883073 0.13855899093016932 0.6852731758465925
0 0.695961995249406 0.6935866983372923 0.087094220110847 0.6128266033254156
0 0.4932700052528991 0.9524940575822949 0.04117178680219863 0.09501188483541034
