0 0.1822358345734127 0.7503828484002977 0.3603879528769841 0.20214395126488094
0 0.28279734561011904 0.3162327719494048 0.5655946912202381 0.30781010714285717
0 0.11332157068452381 0.5482389030877977 0.22664314136904762 0.11332313578869041
0 0.5053598774801586 0.6776416538318453 0.4451250639880952 0.36906585007440473
0 0.7473210968501984 0.6807044410342262 0.28381620362103166 0.506891271205357
0 0.18836503335813493 0.07963264880952381 0.36446442038690474 0.15926529761904762
0 0.9834099030257937 0.5076569334077381 0.03318019394841265 0.3476264084821428
0 0.4594240248015873 0.2771821441592262 0.12862515079365083 0.11944888132440479
0 0.8095967330109127 0.9571209800967262 0.12659520163690474 0.08575803980654773
0 0.9290454314236112 0.9586523736979167 0.10005104637896822 0.08269525260416666
0 0.8887187340029763 0.5872894334077381 0.12149055629960326 0.26186829985119053
0 0.8499234303075397 0.40581934709821427 0.045941807043650806 0.09800929166666661
