0 0.612874597594246 0.7734329867931548 0.1628687571924603 0.4531340264136905
0 0.4917660570436508 0.5344115777529761 0.10792529017857133 0.45209086235119045
0 0.17506669655257937 0.5974886592261905 0.0725609174107143 0.5036338474702381
0 0.35940768105158727 0.7492040189732143 0.045619740079365034 0.30297042931547613
0 0.26658989905753966 0.8828841065848214 0.14506170783730155 0.23308247953869043
0 0.6310951004464286 0.5507501486235119 0.09954939831349208 0.24057259337797626
0 0.2512126722470238 0.22938649590773807 0.10568267782738094 0.3974674568452381
0 0.18514782279265873 0.09902165048363094 0.05363723586309521 0.1980433009672619
0 0.5999323991815476 0.9713569241071428 0.07280096502976185 0.05728615178571439
0 0.3876263500744047 0.9723702857142857 0.02678383060515871 0.055259428571428515
0 0.34405219717261903 0.4255011880580357 0.03226914781746032 0.2639280718005952
0 0.6175519604414683 0.2013721365327381 0.054046676339285615 0.4021253980654762
0 0.46450924169146823 0.7151723997395834 0.06381406175595239 0.2182782101934525
0 0.4041290347222222 0.5851573772321429 0.04508473660714285 0.22028358705357137
0 0.5101015850694445 0.14915775390625 0.16169059226190474 0.2983155078125
0 0.3940841638144841 0.09753622563244047 0.08989584201388884 0.19507245126488093
0 0.7007357316468255 0.7363529064360119 0.08903221230158731 0.2101836409970237
0 0.42522608767361114 0.9211939817708333 0.06741235937499995 0.15761203645833333
