0 0.5493667316104167 0.08967649361039774 0.08267476381229222 0.17935298722079548
0 0.040625 0.7805467651799184 0.08125 0.2167194089204889
0 0.1952466908940647 0.7531512044602444 0.10299338178812947 0.16338816604179318
0 0.5669117234878714 0.8731761517991848 0.234139901041994 0.2536476964016303
0 0.44772231977354515 0.25943029255159233 0.15794463954709026 0.1855265851031847
0 0.26065864771559294 0.7613855356276042 0.1422561134532696 0.20610507125520872
0 0.4545301822506769 0.42606842175552384 0.195033655290285 0.3733501770835903
0 0.4831223628691983 0.08368495077355836 0.11814345991561193 0.16736990154711673
0 0.614451476793249 0.052039381153305204 0.05590717299578052 0.10407876230661041
0 0.6867088607594937 0.030942334739803096 0.05696202531645578 0.06188466947960619
0 0.6387130801687764 0.23628691983122363 0.07700421940928259 0.22784810126582278
0 0.08597046410106378 0.9303797468354431 0.15084388192445472 0.1392405063291139
0 0.13660337552742616 0.7369901547116737 0.1213080168776371 0.23066104078762317
0 0.14873417721518986 0.35583684950773564 0.07805907172995778 0.20534458509142056
0 0.029008438818565397 0.25949367124828737 0.058016877637130794 0.13080168703929035
0 0.2742616033755274 0.44163150492264414 0.16455696202531647 0.2869198312236287
0 0.3391350210970464 0.5070323488045008 0.18670886075949367 0.2883263009845288
0 0.2389240506329114 0.8980309423347398 0.14029535864978904 0.170182841068917
0 0.12341772151898733 0.9824191279887483 0.08227848101265822 0.03516174402250338
0 0.2710970451910387 0.9135021097650098 0.16877636845560223 0.17299578046998032
0 0.40242616033755274 0.8361462728551337 0.2078059071729958 0.3108298171589312
0 0.734704641350211 0.6554149085794655 0.13396624472573837 0.21940928270042193
0 0.6983122362869199 0.24542897327707455 0.15822784810126578 0.4908579465541491
0 0.6165611812987699 0.4922644160132065 0.0622362866481726 0.0675105479195211
0 0.5263713079489629 0.5745428973277074 0.15822784796543654 0.17862165963431786
0 0.5664556962025317 0.7827004219409281 0.20253164556962022 0.21518987341772144
0 0.6592827006256848 0.5886075949367089 0.12025316496444982 0.16736990154711673
0 0.7932489451476792 0.4015471167369901 0.13080168776371315 0.260196905766526
0 0.8644514764876332 0.17158931082981715 0.0727848095153506 0.10689170182841068
0 0.9535864978902954 0.10548523206751055 0.09282700421940926 0.2109704641350211
0 0.8929324894514767 0.27777777820035776 0.08544303797468356 0.17580872119915172
0 0.7953586497890295 0.2960618846694796 0.05907172995780596 0.11673699015471162
0 0.9224683544303798 0.017580872011251757 0.043248945147679296 0.035161744022503515
0 0.08227848101265822 0.03375527426160337 0.033755274261603366 0.07032348804500703
0 0.8560126582278481 0.38677918473048717 0.07067510548523215 0.1012658218189132
