0 0.3050465315817183 0.31552304031421363 0.1327556641616432 0.25625000000000003
0 0.10094004039928263 0.08427354031421358 0.18938008079856525 0.16854708062842716
0 0.2062696928253703 0.5961862195452909 0.1239225468593374 0.3086326003474362
0 0.07317073195844094 0.9789972899728998 0.06910569055466284 0.04200542005420049
0 0.16006097589227045 0.9681571815718157 0.06605691113413437 0.06368563685636852
0 0.2566056911824725 0.9159891598915989 0.12703252057632716 0.1680216802168022
0 0.1402439024390244 0.2777777777777778 0.12195121951219516 0.24119241192411925
0 0.4014227642276423 0.38821138233794983 0.10162601626016254 0.37262872673552017
0 0.4425813008130081 0.8760162601626016 0.061991869918699205 0.1585365853658537
0 0.5076219434660625 0.8319783197831978 0.08841461863944194 0.3360433604336044
0 0.3003048780487805 0.7134146336980842 0.10873983739837398 0.4593495943924495
0 0.06605691056910569 0.5420054200542005 0.12601626016260162 0.2303523035230352
0 0.18648373983739835 0.05216802168021681 0.1209349593495935 0.10433604336043362
0 0.4181910569105691 0.03184281842818428 0.09044715447154472 0.06368563685636856
0 0.07164634146341463 0.3346883468834688 0.14329268292682926 0.2682926829268293
0 0.23221544715447157 0.36246612505347175 0.08434959349593499 0.2100271010554529
0 0.7220528455284553 0.20054200581227927 0.2632113821138211 0.2872628718442761
0 0.9227642276422765 0.6016260162601625 0.15243902439024393 0.3252032520325202
0 0.9034552845528455 0.2967479674796748 0.0772357723577235 0.13008130081300814
