0 0.5198576615823413 0.46927732849702386 0.22301685094246032 0.2815689241071429
0 0.5811332028769841 0.667925382626488 0.10263108630952389 0.13067233296130953
0 0.4933599016617063 0.7055545215773809 0.13184723487103173 0.16025145684523812
0 0.38800829687500005 0.41756756696428565 0.15107495684523803 0.20251216294642854
0 0.6206154510168651 0.46266148232886906 0.22088044022817466 0.2760491328125001
0 0.6058991861359128 0.8534403381696428 0.07287011433531743 0.09020101116071433
0 0.45558461917162696 0.5973473167782738 0.09307397792658723 0.12934484635416665
0 0.46182738603670637 0.750008273623512 0.10828362772817468 0.18823078980654762
0 0.25808225992063494 0.2375594164806548 0.16007710119047616 0.19205784784226193
0 0.3321151940724206 0.10315251506696428 0.1653084650297619 0.20555619159226188
0 0.02513509585813492 0.24934298697916665 0.05027019171626984 0.10914408854166663
0 0.014477815228174602 0.042813427083333334 0.028955630456349205 0.07236072172619047
0 0.8705039858630952 0.516776154389881 0.14316950644841275 0.15798757589285717
0 0.6761952462797618 0.34403796558779765 0.19832021577380943 0.3945630502232143
0 0.7468687034970238 0.12384049144345238 0.21437536334325413 0.24768098288690477
0 0.9159116790674603 0.37600664285714286 0.15554677529761896 0.20781281622023806
0 0.2015339921875 0.3374020751488096 0.1909587452876984 0.3597195907738096
0 0.7209408384176588 0.7673776030505952 0.13486873387896814 0.15280051339285727
0 0.7607696907242063 0.6936544445684525 0.16618245238095242 0.1700986845238096
0 0.8225115845734127 0.6301079572172619 0.12810157490079366 0.16549332738095235
0 0.6514015704365079 0.8279058275669642 0.10357343105158734 0.10885453162202385
0 0.5421321354166666 0.08515922712053571 0.08118453670634918 0.1447451127232143
0 0.6693725803571429 0.13203385770089285 0.06742188144841266 0.08815872433035714
0 0.9311098198164682 0.7842318111979167 0.1359674610615078 0.10102955766369048
0 0.8798813332093254 0.8845258013392857 0.15308146354166663 0.07670336979166681
0 0.9392407281746031 0.9617385366443452 0.12067903720238093 0.06203710528273809
