0 0.3666666666666667 0.4636986301369863 0.1689497716894977 0.35479452054794525
0 0.6538812785388128 0.3767123287671233 0.2757990867579908 0.21643835616438356
0 0.7712328767123287 0.35342465730517864 0.17625570776255695 0.15890411004717686
0 0.6237442922374429 0.5 0.28127853881278536 0.23561643835616436
0 0.5159817351598174 0.6753424657534246 0.15707762557077637 0.1808219178082192
0 0.5410958904109588 0.6260273972602739 0.11780821917808215 0.158904109589041
0 0.5703196347031964 0.08287671232876714 0.13059360730593617 0.1657534246575343
0 0.4639269406392694 0.05136986301369863 0.09315068493150713 0.10273972602739725
0 0.928310502283105 0.5684931505131305 0.14337899543379007 0.1506849311632475
0 0.2547945205479452 0.16027397437801622 0.06392694063926943 0.23013698229268098
0 0.20593607305936074 0.05068493150684932 0.03196347031963476 0.10136986301369864
0 0.06894977168949773 0.06849315085673245 0.03196347031963471 0.1369863017134649
