0 0.517071599578373 0.4745940256696429 0.11316887673611115 0.3060128876488096
0 0.4101513427579365 0.5495799309895834 0.06757170783730154 0.31177894456845245
0 0.6045798430059524 0.6673330461309523 0.10520310615079365 0.3084840550595239
0 0.45583968117559526 0.8135437797619047 0.07636152356150788 0.23434903497023818
0 0.36604838690476194 0.8604863359375 0.14514375396825402 0.27793095386904754
0 0.5181781413690476 0.761005955171131 0.09904474156746024 0.23123536421130952
0 0.6561261081349206 0.02274977232142857 0.0497217896825396 0.04549954464285714
0 0.3477413313492064 0.19899198474702381 0.14879976785714288 0.28834651264880956
0 0.44957949900793653 0.048112879092261904 0.05268895188492062 0.09622575818452381
0 0.5227447260664683 0.03313610732886905 0.0751629124503968 0.0662722146577381
0 0.5865545251736111 0.36478708091517853 0.033026553819444415 0.25615296837797613
0 0.6214132058531746 0.34281284635416664 0.028217306051587343 0.14714678199404768
0 0.28690675260416665 0.6917219144345239 0.042910635664682506 0.1691431867559524
0 0.3041974844990079 0.018715036086309523 0.029459629216269878 0.03696510267857143
