0 0.9794141022087155 0.43586697502207195 0.039588299429307416 0.05700710918903701
0 0.90855106010324 0.6906175771971497 0.1828978797935198 0.12470308788598572
0 0.847980997624703 0.7630641747708753 0.23119556611243064 0.13895495286716664
0 0.888756927949327 0.8663895486935866 0.22248614410134604 0.10570071258907343
0 0.8285825178047552 0.96080756754672 0.28107724467552553 0.07838486490655983
0 0.6417260490894695 0.7559382422802849 0.19714964370546317 0.19833729216152007
0 0.5807600950118765 0.5944180522565321 0.2494061757719715 0.23159144893111644
0 0.6765637371338082 0.5463182897862233 0.1749802058590656 0.19714964370546323
0 0.5253364894204199 0.40973867140999426 0.11955663319399767 0.11163904672870506
0 0.36421217782516746 0.2992874109263658 0.12034840761173932 0.13539192399049882
0 0.36975455265241486 0.75 0.18210609659540772 0.2577197149643706
0 0.41923990498812347 0.6971496437054632 0.16072842438638152 0.1995249406175773
0 0.4330957926666591 0.57541567695962 0.1678543370736496 0.21258907363420443
0 0.3828186988395974 0.42874106340860574 0.1781472947496619 0.1923989914252875
0 0.25613618368962787 0.3937054631828979 0.17814726840855105 0.17458432304038007
0 0.23198733174980207 0.4691211401425178 0.13460015835312747 0.17577197149643703
0 0.14370545440252758 0.42874106758403063 0.0926365971331872 0.1306413802713688
0 0.12747426761678543 0.5944180522565321 0.10768012668250199 0.16270783847980985
0 0.3590656704509578 0.9245842771107069 0.1638955879101257 0.15083144577858631
0 0.5126682589783118 0.9441805350915952 0.15281077679303867 0.11163892981680967
0 0.9279493269992082 0.5 0.14410134600158364 0.08788598574821854
0 0.8171021377672208 0.3925178147268408 0.1330166270783848 0.09144893111638958
0 0.6080760095011876 0.3669833729216152 0.22802850356294518 0.2660332541567696
0 0.557403008709422 0.21437051709031593 0.1979414093428345 0.25059399959587153
0 0.4117181204576329 0.2517814726840855 0.18844024364530426 0.18052256532066505
0 0.350752197111336 0.13123515439429928 0.1916073237555302 0.16508313539192393
0 0.33016627078384797 0.0486935866983373 0.17577197149643703 0.0973871733966746
0 0.08551070639684512 0.040973871733966744 0.17102141279369024 0.08194774346793349
0 0.06650832890484044 0.09144894364266407 0.1330166578096809 0.10688833599258164
0 0.20150435471100553 0.15676959619952494 0.09263657957244656 0.11638954869358668
0 0.04908946951702296 0.41567695961995255 0.0997624703087886 0.14014251781472686
0 0.011876484560570073 0.4542755553189294 0.023752969121140145 0.05819481610104166
0 0.0831353919239905 0.6395486977621232 0.1314330958036421 0.16745842395318833
0 0.06888361045130639 0.18764845605700714 0.13776722090261279 0.1330166270783848
0 0.040380047505938245 0.21912114014251782 0.08076009501187649 0.09619952494061759
