0 0.18493892206565854 0.5396686568678192 0.10737784413131707 0.2811199510522002
0 0.3186727319659859 0.28930982295113883 0.07571785123252117 0.2786196459022777
0 0.060203331387821836 0.0984147385639413 0.12040666277564367 0.1968294771278826
0 0.8206652404142574 0.490372841307142 0.06633048082851467 0.280745682614284
0 0.15597685414219858 0.2510428193771012 0.06690770205447605 0.2707532023027964
0 0.838281 0.7438232992456315 0.16036703144654074 0.2699274434374582
0 0.49245283018867925 0.6155136268343816 0.17610062893081763 0.28176100628930817
0 0.6748427672955974 0.9023060796645702 0.1283018867924528 0.19119496855345908
0 0.9547169811320755 0.920545073375262 0.09056603773584893 0.15890985324947593
0 0.17798742138364781 0.03480083857442348 0.050314465408805076 0.06960167714884696
0 0.6577282460580105 0.733631821426254 0.15913957562779812 0.21867497242229583
0 0.34309908506910647 0.9166180001297775 0.14502627992992018 0.1667639997404451
0 0.35380572318473813 0.8173382648757384 0.09733307377846984 0.20959055220297218
0 0.274235935370839 0.6765297514762184 0.069593147751606 0.3276880150541821
0 0.24576601129063655 0.3069885146972942 0.11095970410745576 0.3633768087729544
0 0.4355655051586529 0.26383751865550586 0.09733307377846995 0.2887547855427941
0 0.6818181818181819 0.20576211796768548 0.15086626435662842 0.22840827980014272
0 0.9110375705664784 0.5470767633508533 0.11679968853416389 0.25955486340925293
0 0.8609110375705666 0.3404062033612355 0.10317305820517808 0.20959055220297174
0 0.7312147167607552 0.5899033158133801 0.0783531243916682 0.415287781454805
0 0.8134611641035625 0.9072091363311919 0.09392641619622355 0.18558172733761613
0 0.8772143274284602 0.9600934397508274 0.0579131788981897 0.07851534618129907
0 0.36181434582177463 0.06540084388185655 0.050632911052831964 0.1308016877637131
0 0.310126582278481 0.044303797468354424 0.044303797468354444 0.08860759493670885
0 0.7906118143459916 0.21870604781997188 0.06012658227848089 0.0689170182841069
