0 0.03515625000000001 0.137325867130621 0.07031250000000001 0.1541663
0 0.6961871830835118 0.5838350825653189 0.1813809871520342 0.1400463721256413
0 0.4003792823790036 0.40651940086427196 0.12003051336614434 0.13684256047229837
0 0.35710025452648875 0.12419351664789127 0.16078237862754474 0.19742350253204238
0 0.7325655716012494 0.9010415 0.15263114320249882 0.15208300000000008
0 0.17343905055882253 0.14123940631301216 0.16874589888235492 0.21335518737397569
0 0.950781 0.8143429711941389 0.09843800000000003 0.13262063189577233
0 0.5684884279789786 0.6376537412562455 0.13776116973797414 0.15814117273376183
0 0.23914444884358066 0.13958315 0.1407888976871613 0.1624997
0 0.4474060262987981 0.33615943968593864 0.23729063932136496 0.3103981556031407
0 0.18504057813187388 0.259375 0.15758115626374775 0.20208399999999999
0 0.21384502141327622 0.053311313238830475 0.11875 0.10662262647766095
0 0.3588421305336272 0.4889943015703069 0.18096618397945996 0.20985936259814414
0 0.9237152034261242 0.9300499643112063 0.15256959314775154 0.13990007137758742
0 0.9138115631691649 0.8511777301927195 0.1723768736616702 0.1577444682369734
0 0.9649357601713062 0.5107066381156317 0.06905781584582427 0.10206995003568875
0 0.5345289079229122 0.8786581013561742 0.10117773019271947 0.09850107066381164
0 0.8404710920770878 0.5217701641684511 0.2451820128479658 0.17130620985010714
0 0.8784796573875804 0.6684511063526053 0.19700214132762317 0.14775160599571735
0 0.5503211991434689 0.7476802284082797 0.05246252676659535 0.062098501070663836
0 0.8112955032119914 0.40756602426837973 0.19432548179871523 0.1884368308351178
0 0.637847965738758 0.2587437544610992 0.18897216274089934 0.1763026409707352
0 0.046841541755888644 0.026052819414703783 0.09368308351177729 0.052105638829407566
0 0.2232334047109208 0.45645967166309775 0.18950749464668096 0.20342612419700207
0 0.30861884368308357 0.6256245538900785 0.13865096359743045 0.18915060670949302
0 0.7532119914346895 0.8365453247680228 0.17130620985010703 0.17987152034261222
0 0.1423982869379015 0.2994289793004996 0.09850107066381157 0.11777301927194855
0 0.37098501070663814 0.023197715917202 0.0749464668094218 0.046395431834404
0 0.5538008565310493 0.31084939329050676 0.19432548179871528 0.2391149179157744
