0 0.1884971329365079 0.883390696986607 0.15121273710317457 0.14773647358630948
0 0.07006056088789683 0.9219830818452381 0.07037826860119048 0.058491583333333375
0 0.5733657216021825 0.8598011015625 0.1970591520337301 0.12241022098214283
0 0.7852457404513888 0.7533705401785714 0.2236018132440476 0.15195751562499993
0 0.675186931671627 0.6887699259672619 0.23690970411706336 0.19844379761904762
0 0.37789713454861107 0.6742961804315477 0.20486211036706348 0.12180721502976188
0 0.628630197172619 0.36956785528273806 0.20298980555555568 0.13632606398809527
0 0.5702603275049604 0.2738101212797619 0.1681052244543651 0.14085653794642858
0 0.7500861909722223 0.14180381845238096 0.20787914037698407 0.12141668824404762
0 0.9044038286210317 0.19766615476190474 0.1543164236111112 0.15801106994047617
0 0.8857495639880952 0.4714191382068453 0.14002533432539677 0.12882401227678575
0 0.9087824518849206 0.5626923214285715 0.14806856498015863 0.15458881473214292
0 0.3848755339781746 0.514570681547619 0.22268448611111114 0.09378079985119048
0 0.16799535181051586 0.5288416728050596 0.19277164459325397 0.07158148028273803
0 0.2536548521825397 0.4305303991815476 0.16648460218253971 0.09785822619047613
0 0.21074956460813493 0.3424126908482143 0.1350610111607143 0.08562594791666667
0 0.367460982390873 0.3483029840029762 0.1400876870039683 0.08525527306547614
0 0.18843167323908733 0.25460455617559524 0.22029475520833333 0.08649085639880952
0 0.3363477898065476 0.18170511997767858 0.1211346470734127 0.10708391778273813
0 0.3570862612847222 0.25638361049107145 0.10767524181547616 0.05395381994047621
0 0.5682568932291667 0.6028751473214286 0.12410620411706341 0.0932304040178571
0 0.847551634548611 0.38806601041666666 0.163160953125 0.16680379464285716
0 0.25535619084821426 0.06440011830357142 0.2277361331845238 0.06664663392857142
0 0.03263219060019841 0.4962579977678572 0.06526438120039682 0.07837719047619052
0 0.020092969246031746 0.3580785580357143 0.03897733878968254 0.09196861086309527
0 0.7154964683779762 0.06252053348214286 0.3045920240575397 0.1250410669642857
0 0.953619988343254 0.048023018415178566 0.0728181289682539 0.09604603683035713
0 0.9137361997767857 0.014950562313988095 0.05468913417658727 0.02990112462797619
