0 0.9592110832093681 0.6628397673132167 0.08157783358126369 0.05335344563897104
0 0.7492190000000001 0.026644454675191574 0.22031199999999995 0.05328890935038315
0 0.17140254160468407 0.511458 0.12594491679063186 0.12276186651880583
0 0.9469045249628105 0.15361780000222686 0.10306695007437916 0.05723560000445374
0 0.43867106598353656 0.7799133207640874 0.3100191258367118 0.12068041905951754
0 0.6756150349194638 0.39073657188171973 0.22424471245481048 0.11480714376343942
0 0.8824943324088823 0.3506299443828359 0.2350113351822355 0.12342984427194031
0 0.95 0.4648984721914179 0.09999999999999998 0.07979694438283585
0 0.085156 0.20835251668514926 0.170312 0.1749609666297015
0 0.6191685193215215 0.1153315232746467 0.29913139801665095 0.19001481996951256
0 0.6353618834091754 0.4500190166851493 0.1855262331816493 0.1053878553953731
0 0.5664801587931246 0.2552085 0.15766368241375078 0.11041699999999999
0 0.30423809152370535 0.4276036860983524 0.20335629017750656 0.15520737219670488
0 0.2746670353282844 0.48706892769768656 0.2538300400288197 0.17413785539537308
0 0.7804690000000001 0.09895835 0.2359380000000001 0.1145833
0 0.8079276460431153 0.5439024761368619 0.17523129208623067 0.0711389522737238
0 0.17704947087672115 0.6248511667659853 0.19973877533470602 0.2163683335319707
0 0.8971550166418736 0.24355841559742725 0.20256596671625282 0.1209849685833545
0 0.39344255910341036 0.30598056347439795 0.21535246571803646 0.16196112694879586
0 0.7015915249628104 0.6718554833148509 0.24056695007437912 0.09646294438283587
0 0.7351565 0.769792 0.182813 0.10624999999999996
0 0.5596551076891534 0.5402910111234328 0.25659264964628486 0.16926384427194008
0 0.48348813209494323 0.6673546615670338 0.21981424148606815 0.1403508763843362
0 0.9489164086687306 0.5201238390092879 0.10010319917440658 0.08255933952528383
0 0.13003095975232198 0.12727898176814587 0.26006191950464397 0.25455796353629173
0 0.20330237358101133 0.05847953135509638 0.19195046439628483 0.11695906271019275
0 0.4530950142793508 0.10266605845788561 0.2560352297970917 0.20533211691577122
0 0.9360165124204294 0.043343653250773995 0.12796697515914124 0.08668730650154799
0 0.37564499484004127 0.38183694530443757 0.12383900928792568 0.11695906432748537
