0 0.317476793030754 0.6869908180803572 0.23347947842261907 0.09472808110119046
0 0.3252568509424603 0.5863879112723214 0.2103122941468254 0.06695100781250007
0 0.7885764252232143 0.4367904860491072 0.13075677604166658 0.22614925260416668
0 0.5076026664186508 0.4745798655133929 0.1612536383928571 0.1436668478422619
0 0.7367200902777777 0.5983843000372024 0.14957739186507946 0.18847552641369048
0 0.2992289119543651 0.3457420394345238 0.13789023313492063 0.10337716666666663
0 0.5272305328621032 0.19775516555059525 0.20878559002976194 0.33933246056547617
0 0.0966595248015873 0.6020578943452382 0.1933190496031746 0.0782701808035714
0 0.06414476475694444 0.4060507894345238 0.1274047740575397 0.09617945907738096
0 0.10263162363591269 0.2634398670014881 0.20526324727182538 0.1558770546875
