0 0.20634245511863153 0.9284120067190358 0.15538193709787695 0.13912414781878324
0 0.33909446929615794 0.4610649625762725 0.3390290469933999 0.330269773467708
0 0.5751305481050275 0.16904087661942704 0.2451346282787092 0.3380817532388541
0 0.086499266034327 0.5956540757152402 0.172998532068654 0.15695855457261632
0 0.43791939350150944 0.9201600604713204 0.1730624431471235 0.15967987905735925
0 0.19163421524384813 0.2567990403142136 0.23617977896561299 0.3166261881329967
0 0.21082968370049046 0.10923393833041795 0.19333958420314895 0.2184678766608359
0 0.5505105884591006 0.5201859714621153 0.21045309408450857 0.3028719429242306
0 0.7477783423667568 0.2498465243800219 0.14209010840108405 0.3409532100168981
0 0.2369646809330778 0.40801595731354057 0.22670480073547034 0.21520196837936595
0 0.04832881662149955 0.8136856365762077 0.0966576332429991 0.12330623362265192
0 0.1716350496838302 0.7425474254742546 0.17705510388437218 0.14092140921409224
0 0.11562782294489612 0.7987804910547427 0.052393857271906055 0.06368563125315341
0 0.04110207768744354 0.9471544716007475 0.08220415537488708 0.08672086732073647
0 0.0975609756097561 0.9661246612466123 0.08672086720867207 0.06775067750677521
0 0.31029810298102983 0.787940379403794 0.12917795844625113 0.17208672086720866
0 0.03929539295392954 0.4017615185677227 0.07859078590785908 0.15311652926021851
0 0.3992773261065944 0.04674796747967479 0.09394760614272807 0.09349593495934957
0 0.4390243902439024 0.1646341463414634 0.20596205962059616 0.25609756097560976
0 0.42186088527551946 0.5697831978319783 0.26738934056007224 0.26693766937669366
0 0.589430894308943 0.8075880758247267 0.11111111111111105 0.1517615170548544
0 0.7398373983739839 0.6531165311653115 0.13008130081300817 0.21138211382113825
0 0.9331526648599819 0.12059620596205958 0.11020776874435412 0.24119241192411917
0 0.8157181571815718 0.40650406470445744 0.1987353206865401 0.3333333335574619
0 0.8708220415537489 0.1321138209140828 0.10298102981029811 0.24254742457774037
0 0.7131887985546523 0.4390243902439024 0.19783197831978339 0.3902439024390243
0 0.6987353206865401 0.12262872628726287 0.09665763324299914 0.24525745257452575
0 0.7664886668417253 0.08451869050226368 0.0617374962850763 0.16903738100452737
