0 0.6796875 0.20520850000000002 0.059374999999999956 0.210417
0 0.902344 0.118750165 0.15468800000000005 0.22083367
0 0.965625 0.7408645538584671 0.06874999999999998 0.13172910771693402
0 0.6441813924371926 0.7805215134380712 0.08259650707044008 0.4389569731238576
0 0.5734375 0.900778966404822 0.046875 0.19844206719035606
0 0.5294072992015759 0.660417 0.08069059840315196 0.23750000000000004
0 0.5701688322032062 0.19369937015710678 0.10893522500533614 0.25948539406649834
0 0.8699873351039802 0.45543497902047714 0.13454374635816269 0.3934748539112612
0 0.7154471544715446 0.8252032520325203 0.1077235772357722 0.2574525745257452
0 0.41463414634146345 0.5779132787965985 0.12804878048780488 0.4864498638262593
0 0.470020325203252 0.38617886178861793 0.05182926829268292 0.08943089430894308
0 0.5757113821138211 0.026422764227642278 0.061991869918699205 0.052845528455284556
0 0.4634146341463415 0.1815718157181572 0.0955284552845529 0.25745257452574527
0 0.9242886178861789 0.8048780487804879 0.15142276422764223 0.3062330623306233
0 0.9725609759236609 0.26422764238848706 0.05691056847788134 0.17073170709294458
0 0.7317073170731707 0.4552845528455285 0.08333333333333337 0.3143631436314363
0 0.7790354741697956 0.17750677506775067 0.06823354996560738 0.2140921409214092
