0 0.5205477600998207 0.35838447984289323 0.17516464139748933 0.20511517469492557
0 0.4777877122347123 0.5958334999999999 0.1180754244694246 0.208333
0 0.4359375 0.7552085 0.07187499999999997 0.16041699999999992
0 0.14735772357723578 0.5433604336043361 0.09552845528455285 0.23306233062330622
0 0.10162601701353419 0.806910569105691 0.10569105540382594 0.2669376693766937
0 0.08028455284552845 0.6151761517615176 0.06707317073170732 0.2737127371273713
0 0.37347560975609756 0.6754742547425474 0.08841463414634143 0.3428184281842819
0 0.3414634147283178 0.924119241192412 0.050813007941738375 0.1517615176151762
0 0.328760162601626 0.1619241191291281 0.16158536585365854 0.16395663979052427
0 0.22815040650406507 0.3360433607137651 0.24491869918699188 0.24661246556433972
0 0.44664634152619564 0.13550135456529291 0.22256097548419418 0.2303523026265208
0 0.25711382113821135 0.4539295392953929 0.11991869918699188 0.1192411924119241
0 0.3917682926829268 0.32520325192045596 0.24898373983739835 0.1626016257921315
0 0.568089430894309 0.15921409225298572 0.16056910569105687 0.13414634168754327
0 0.9293699188875298 0.08604336043360433 0.10467479637128174 0.11246612466124661
0 0.6941056910569106 0.3062330623306233 0.1422764227642277 0.1327913279132791
0 0.9568089430894309 0.9071815718717502 0.08638211382113825 0.10704607034864033
0 0.8079268292369022 0.7425474254742548 0.09756097567253696 0.5149051490514905
0 0.9217479674796748 0.23441734417344168 0.1402439024390243 0.19783197831978314
0 0.8678861788617886 0.42886178861788615 0.0630081300813008 0.09078590785907875
0 0.6173780487804879 0.693089430894309 0.09654471544715448 0.07452574525745259
0 0.15294715447154472 0.94579945799458 0.05182926829268292 0.0677506775067751
