0 0.2196969696969697 0.39937839937839936 0.07808857808857811 0.4009324009324009
0 0.28321678325823807 0.09945609945609946 0.09324009315718351 0.20202020202020204
0 0.28263403263403264 0.4941724941724942 0.054778554778554756 0.2175602175602176
0 0.296037296037296 0.811965811965812 0.10023310023310023 0.35897435897435903
0 0.22144520374399468 0.925019425019425 0.06060609617433346 0.14996114996114995
0 0.3607226107226107 0.33177933177933183 0.1363636363636364 0.3434343434343435
0 0.4417249417249417 0.17560217560217561 0.15151515151515155 0.35120435120435123
0 0.5396270408292305 0.15151515151515152 0.11421911181473232 0.30303030303030304
0 0.3962703962703963 0.710955710955711 0.07226107226107231 0.3185703185703186
0 0.5041162432815827 0.8096348096348097 0.1364376147682934 0.30147630147630156
0 0.6142191147580274 0.4615384615384615 0.12121212013429483 0.4289044289044289
0 0.6520979020979021 0.14607614607614608 0.054778554778554756 0.09945609945609946
