0 0.5705513334573413 0.528632177641369 0.20430873189484122 0.39030585379464283
0 0.4248183545386905 0.8168676787574405 0.09476520014880951 0.19892896986607145
0 0.32577061631944443 0.7780714741443452 0.14301611210317455 0.4070958850446429
0 0.6190501966765873 0.8865116404389881 0.06707728075396824 0.1825780792410714
0 0.6750990057043651 0.888776877046131 0.07523532837301594 0.2224462459077381
0 0.3708374087301587 0.7777257749255952 0.09035226041666672 0.2984261004464286
0 0.28940396937003965 0.36766845851934526 0.10011127852182539 0.2576685494791667
0 0.7087807468998015 0.15102559728422618 0.08372271949404742 0.30205119456845236
0 0.6658225829613096 0.11292658072916667 0.10748681026785711 0.22475678720238096
0 0.45451985937500006 0.30759922730654765 0.19863348908730166 0.3077045818452381
0 0.23988935540674605 0.8326658311011905 0.07761717609126986 0.29486994122023824
0 0.16950121701388887 0.7531830459449405 0.07641146577380956 0.3317354929315477
0 0.7707884619295635 0.17401136607142856 0.06564893576388886 0.30766033258928566
0 0.24157662921626982 0.3741198781622024 0.037906079861111136 0.06878082403273811
0 0.6162185579117063 0.09225691369047619 0.08130579489087308 0.18451382738095237
