0 0.2467671164739612 0.8812500000000001 0.20570357004669734 0.1535562418852816
0 0.24109720095994383 0.6809144753294849 0.1818895231177356 0.2610152731726785
0 0.2548399394010761 0.8224505470332493 0.20297256059892402 0.14886517469492588
0 0.3058943090372609 0.6964769647696476 0.13617886160027498 0.14634146341463417
0 0.47408536585365857 0.7079945799457994 0.17581300813008133 0.13685636856368555
0 0.4862804878048781 0.7669376693766938 0.1819105691056911 0.1653116531165313
0 0.6722560975609756 0.5853658536585367 0.16768292682926833 0.19241192411924113
0 0.6920731709514407 0.638888888552696 0.1727642272028097 0.2154471537991589
0 0.5665650406504066 0.5006775067750677 0.14735772357723576 0.21815718157181568
0 0.5259146340207795 0.4742547425474255 0.1900406501553802 0.2710027100271002
0 0.6849593497190578 0.260840108401084 0.1727642273911526 0.23712737127371275
0 0.5594512194180237 0.2859078590785908 0.09654471525881159 0.15176151761517617
0 0.6808943089430894 0.18631436314363142 0.14837398373983746 0.23441734417344173
0 0.5995934958093976 0.14227642276422764 0.16869918674074635 0.2845528455284553
0 0.5213414634146342 0.14566395663956638 0.18292682926829268 0.29132791327913277
0 0.4415650405248446 0.17073170754120176 0.12906504039928274 0.224932248874236
0 0.35062315437176617 0.37135335784709966 0.12703252214585126 0.18970189701897017
0 0.7748983739837398 0.3353658536585366 0.1107723577235773 0.29132791327913277
0 0.8475609756097562 0.37533875338753386 0.12804878048780488 0.21680216802168023
0 0.9542682926829269 0.16531165311653115 0.09146341463414631 0.23577235772357721
0 0.8653455284552846 0.08536585365853659 0.11890243902439024 0.17073170731707318
0 0.9095528455284554 0.15311653116531165 0.16463414634146323 0.2547425474254743
0 0.8074186993125538 0.06300813008130081 0.08638211357001435 0.12601626016260162
0 0.4227642276422764 0.39566395663956644 0.09146341463414637 0.1598915989159892
0 0.4989837398373984 0.02710027100271003 0.05081300813008133 0.05420054200542006
0 0.03810975606617049 0.12533875316340526 0.07621951213234097 0.2506775063268105
0 0.014227642276422764 0.3915989173339315 0.028455284552845527 0.11111110842156774
