0 0.3976136733630953 0.9341424981398809 0.11201263293650793 0.13171500372023814
0 0.6123218560267857 0.6478856994047619 0.18656920709325386 0.2776885915178572
0 0.6177260064484127 0.5876325146949405 0.1674466304563491 0.2519905457589286
0 0.3899008291170635 0.3801459216889881 0.14571500595238102 0.35860927641369056
0 0.4269716558779762 0.37897654538690473 0.11881651314484121 0.30302373437499996
0 0.47132428062996035 0.28416777734375 0.11225368377976191 0.27045990885416665
0 0.5143351558779762 0.3103115703125 0.0991377170138888 0.23547393750000006
0 0.3614196820436508 0.44468162313988097 0.1411341185515873 0.3661158727678572
0 0.4521910342261905 0.8302844730282739 0.15553816666666676 0.33554148325892863
0 0.49924171192956346 0.8374657749255953 0.16710712127976185 0.3242648199404763
0 0.31928019915674605 0.4428833052455357 0.14139833829365078 0.3435519468005953
0 0.27789618588789683 0.5443253063616071 0.0714870736607143 0.16271852864583336
0 0.19520287289186505 0.6676962572544642 0.18823653149801586 0.2824358634672618
0 0.25925916083829365 0.584979441220238 0.11432665004960318 0.21449526041666667
0 0.8675607935267857 0.9884934938616072 0.07060179241071429 0.02301301227678565
0 0.17577754055059525 0.03732124107142857 0.04686147445436509 0.07134336681547619
0 0.2541090376984127 0.03670265699404762 0.04411300099206347 0.06969380952380952
0 0.3089410858134921 0.02556814304315476 0.025698228174603155 0.04742478162202381
0 0.21604269742063492 0.049796109375 0.06225296428571431 0.09629310342261906
0 0.04844365823412698 0.16093098270089284 0.09688731646825396 0.3218619654017857
