0 0.7973079968329375 0.7559382422802849 0.04592240696753769 0.2648456057007126
0 0.7882026876129818 0.46318289786223277 0.05938243158322076 0.26840855106888356
0 0.7335708696098224 0.24524942287747134 0.11638955308377208 0.3147268742585056
0 0.7038796516231196 0.029691211401425176 0.07600950118764827 0.05938242280285035
0 0.6338084014961265 0.3052256198032522 0.10847187475913278 0.3966745175162431
0 0.7003166930843929 0.5581947743467934 0.06888363679241749 0.21852731591448926
0 0.6722090195429884 0.9429928741092636 0.0649248042153755 0.11401425178147284
0 0.7197148765668433 0.8295724465558194 0.10926383356465086 0.26009501187648454
0 0.5522565320665083 0.6947743467933492 0.04196357878068091 0.2114014251781473
0 0.4806017418844022 0.7327790973871734 0.06175771971496452 0.2755344418052257
0 0.4576405164497077 0.9328978622327792 0.03958826430782608 0.1318289786223279
0 0.32660332102549183 0.7897862399796091 0.11322249492447162 0.4204275200407819
0 0.22288202692003167 0.7161520190023754 0.05938242280285033 0.346793349168646
0 0.22248614410134604 0.9643705463182898 0.04433887569279496 0.07125890736342044
0 0.41250989707046715 0.5552256532066508 0.06334125098970705 0.3004750593824229
0 0.17300079176563737 0.2731591281914123 0.13064133016627077 0.23040376707166071
0 0.25178146829390036 0.3485748218527316 0.0886777601659603 0.338479809976247
0 0.33412509897070464 0.30285035629453677 0.07125890736342033 0.24703087885985742
0 0.05463182897862233 0.10748219779943366 0.10926365795724466 0.12470312964023411
0 0.06057007125890737 0.03147268408551068 0.12114014251781474 0.06294536817102137
0 0.21100554235946162 0.07838479809976247 0.17022961203483775 0.15676959619952494
0 0.3990498812351544 0.18349168646080763 0.10292953285827405 0.16270783847981002
0 0.49960411718131426 0.4287410926365796 0.06650831353919234 0.1211401425178148
0 0.5217735550277118 0.15973872151509227 0.09184481393507521 0.18883611286391377
0 0.5985748218527316 0.4548693586698337 0.08234362628661918 0.2874109263657956
