0 0.25468749999999996 0.1947915 0.159375 0.139583
0 0.8858678812976686 0.6042765940664984 0.17846748479139163 0.24378353752284782
0 0.5580416591016141 0.0875 0.12454268179677186 0.175
0 0.6882399610213887 0.20416650000000003 0.12352007795722242 0.20833300000000002
0 0.1257815 0.3226923896476632 0.251563 0.37939561245574055
0 0.7599937860473805 0.7522050613059708 0.32482223630632046 0.2521404720017927
0 0.47560975609756095 0.6510840108401084 0.3455284552845528 0.2452574525745258
0 0.510670731707317 0.548780487748846 0.29369918699186986 0.20325203240826123
0 0.5797764227642277 0.3922764227642277 0.3018292682926831 0.2046070460704607
0 0.8013211382113821 0.6273712737127372 0.2002032520325202 0.2195121951219512
0 0.25863821125655195 0.31029810292499765 0.3831300810496892 0.330623306120998
0 0.9065040648523075 0.9234417344173442 0.11382113858806797 0.09078590785907847
