0 0.2660332540922619 0.30700712574404765 0.07917656374007942 0.07244655580357146
0 0.371733966765873 0.25950117931547617 0.08471892311507934 0.03444182217261901
0 0.4224069675099206 0.3794536817336309 0.05938242261904764 0.05581947730654763
0 0.511084718874008 0.31235154389880954 0.10213776711309525 0.061757719494047625
0 0.493665904265873 0.27790973865327384 0.10213782589285708 0.061757719866071425
0 0.3448139339037698 0.5255344417782738 0.10372130084325398 0.10807600930059524
0 0.46714172606646825 0.5213776722470238 0.07125890749007946 0.0665083132440476
0 0.5486935855654762 0.627078384858631 0.12509896825396827 0.07125890736607143
0 0.5716547901785715 0.46496437053571427 0.08392715773809534 0.05344418080357144
0 0.881631037202381 0.5866983374255953 0.11797307986111105 0.09263657961309524
0 0.8238321530257937 0.5783847981770833 0.10372131299603182 0.08313539174107132
0 0.6844813934771825 0.5184085509672619 0.07205067286706346 0.06532066517857138
0 0.7185273159722223 0.6187648456101191 0.08471892311507923 0.054631828869047605
0 0.9402216943204365 0.5166271158854167 0.09263657961309535 0.06175779501488088
0 0.8650039588293651 0.3372921489955357 0.07680126686507949 0.10213779203869044
0 0.9398258116319445 0.42636579985119044 0.07759303249007932 0.08551073065476189
0 0.9889152761656745 0.34204275539434525 0.020585916418650707 0.07125890736607143
0 0.15637371341765874 0.5920427552083334 0.10372129836309524 0.06532066517857149
0 0.06413300062003968 0.7019002583705356 0.10292956473214285 0.09976251227678568
0 0.05977830555555556 0.5902612825520833 0.05304829761904763 0.10926365811011918
0 0.4362628661954365 0.6110451305803571 0.09342834499007929 0.07719714955357149
0 0.23040380047123016 0.633016627046131 0.09026128249007936 0.05938242299107144
