0 0.578626558655754 0.9487049979538691 0.07946888764880944 0.10259000409226193
0 0.5081252615327381 0.8098643829985119 0.1092455086805556 0.1855482198660715
0 0.4527422346230159 0.47148038262648806 0.17750464880952377 0.25232129873511905
0 0.3400027584325397 0.33453789248511906 0.13189043749999996 0.22898969122023807
0 0.3554387344990079 0.13393708835565477 0.14932549528769845 0.1849267823660714
0 0.7427279420882937 0.7663391984747023 0.19919443923611102 0.2194557020089286
0 0.7833734117063492 0.17526477715773808 0.14508149255952385 0.16365856101190476
0 0.5695403488343254 0.6535541724330357 0.1440452214781746 0.20303333891369046
0 0.4936497409474206 0.25161752064732146 0.12295494122023809 0.18723224367559524
0 0.6218653541666667 0.9494564544270834 0.07717423908730159 0.10108709114583325
0 0.9313268158482143 0.9057532693452381 0.1373463683035714 0.1679053482142857
0 0.4686786267361111 0.023336795572916666 0.07399347023809522 0.04667359114583333
0 0.8582577467757937 0.6417910883556548 0.2834845064484126 0.3415196298363096
0 0.5633435446428572 0.18420614583333333 0.08780473660714294 0.12181704538690478
0 0.62316965625 0.5151804825148809 0.14705461904761918 0.1601472135416666
0 0.6766524683779762 0.94921875 0.1014979293154763 0.1015625
0 0.6376705183531746 0.15414365848214284 0.10987251537698417 0.12149722395833333
0 0.6718810276537698 0.43985558333333336 0.1447712080853174 0.15609406324404762
0 0.5289078216765873 0.38742906510416664 0.08632807787698421 0.10727485491071426
0 0.8831183418898809 0.34021126767113097 0.16285880332341263 0.19277164471726188
