0 0.6781472662134587 0.9038004750593824 0.11638955308377186 0.19239904988123513
0 0.6452889944576405 0.8675771971496438 0.1298495645288995 0.23871733966745856
0 0.8052256224753548 0.6027316165014801 0.0791765286156525 0.150831303814142
0 0.925178138488038 0.14608076009501186 0.07046715928678993 0.2921615201900237
0 0.863816345493611 0.11817105060564606 0.09184512124803634 0.23871739812340614
0 0.7866191475578689 0.24584323875465014 0.11480604375995496 0.41092638249742375
0 0.838479809976247 0.30047505938242286 0.09817893903404595 0.3135391923990499
0 0.7240696600104406 0.5795724465558194 0.12114017324911086 0.2660332541567697
0 0.48456057446144407 0.9435866983372921 0.0791765725175042 0.11282660332541572
0 0.5217735550277117 0.7844418469799015 0.12668250197941394 0.25059390773652546
0 0.4928741092636579 0.7197149643705464 0.11638954869358653 0.2589073634204275
0 0.3317498042536833 0.830166270783848 0.13935074778717033 0.23990498812351535
0 0.5071258907363421 0.4881235196148548 0.15439429928741083 0.31591449766201346
0 0.46239113222486145 0.4317102137767221 0.1631037212984957 0.2553444180522565
0 0.5617577197149644 0.15855110228700914 0.14014251781472686 0.3171022045740183
0 0.5269200316706255 0.11104513064133016 0.09897070467141722 0.22209026128266032
0 0.6694378463974664 0.24940612984229835 0.13380839271575617 0.3444181441158785
0 0.6460807600950118 0.510688836104513 0.07284243863816309 0.12826603325415686
0 0.10134600158353127 0.9519002375296912 0.09659540775930325 0.09382422802850376
0 0.08076009501187649 0.8551068883610451 0.16152019002375298 0.2897862232779097
0 0.21971495339508346 0.5261282743841038 0.1623119776120501 0.2826603492432669
0 0.11608195343874714 0.7220902612826603 0.16723912461304458 0.2802850356294537
0 0.3400633258853417 0.48990498812351535 0.11163898560065472 0.25534441805225655
0 0.29651623997593646 0.27078384798099764 0.18923196977100923 0.27790973871733965
