0 0.4453125 0.535907512006782 0.078125 0.35514902401356396
0 0.37205558650534315 0.48892755174875085 0.11213882698931366 0.3525881042112776
0 0.9603698399775199 0.7701197241256246 0.0792603200449602 0.15833299999999995
0 0.825 0.8355407575503255 0.09999999999999998 0.23774751510065106
0 0.7171875000000001 0.8552084999999999 0.07187500000000002 0.2604169999999999
0 0.63223973643676 0.2028880467051917 0.1691100938585306 0.3457832311691272
0 0.5570963659663917 0.9468749999999999 0.0902633957443465 0.10625000000000018
0 0.6224538276231264 0.5685405870224921 0.10740765524625273 0.2151675880349913
0 0.531504115557712 0.5458739077808695 0.10435539350843615 0.46378040676196236
0 0.38948089673697295 0.21576981905781584 0.12014152558386998 0.28153963811563165
0 0.4820315 0.934375 0.089063 0.1312500000000001
0 0.2932648554603854 0.5731135868142068 0.08222028907922913 0.2905169666334103
0 0.36167342763423715 0.8551674301190149 0.1483468552684743 0.25559951949073567
0 0.3819593147751606 0.05710206995003569 0.10546038543897218 0.11420413990007137
0 0.5208779443254818 0.23483226266952179 0.09635974304068512 0.15274803711634546
0 0.8423447537473234 0.5817273376159886 0.16970021413276226 0.20271234832262675
0 0.7660599571734475 0.050678087080656666 0.0813704496788008 0.10135617416131333
0 0.7518736616702355 0.1498929336188437 0.07976445396145604 0.11705924339757315
0 0.630085653104925 0.8354032844581577 0.07922912205567445 0.3289079250904767
0 0.8281584582441113 0.9775160599571734 0.05246252676659546 0.04496788008565322
0 0.3024625267665953 0.31227694503925774 0.07066381156316914 0.17630264097073528
