0 0.267417942275546 0.7189983345031886 0.07297004614822258 0.2557473409099371
0 0.3964245630226143 0.3064045245164485 0.20678705622182963 0.3293563287672325
0 0.41493960521583273 0.8608242218177864 0.10487921043166543 0.2783515563644272
0 0.8941753093511655 0.5652416681097475 0.21164938129766886 0.19403347060020687
0 0.20230539014973098 0.3135462166155845 0.13118598229587516 0.31105186240639726
0 0.6869918699186992 0.6043360433604336 0.28658536585365857 0.33604336043360433
0 0.6707317073170732 0.6714092140921409 0.4146341463414635 0.429539295392954
0 0.3170731708886597 0.709349593495935 0.10569105659666433 0.28590785907859084
0 0.23424796791914154 0.9586720867208672 0.07418699099098522 0.08265582655826553
0 0.13617886178861788 0.7120596203160452 0.23373983739837398 0.3373983734234183
0 0.16209349593495936 0.9261517615176151 0.10264227642276422 0.1449864498644987
0 0.0838414633204627 0.8082655829359873 0.1676829266409254 0.38346883412802546
0 0.1600609756097561 0.055555555499523415 0.06402439024390244 0.11111111099904683
0 0.27845528464701697 0.04403794037940379 0.09756097542141318 0.08807588075880758
0 0.31633406843077366 0.3831520729400597 0.14597191392215544 0.25745257452574527
0 0.4239652585502577 0.5001759704517621 0.2540650406504066 0.45208179354520805
0 0.49741315212010245 0.196529752578904 0.14966740576496662 0.3227395894022476
0 0.5958056136028096 0.16142258312164004 0.15059127806932304 0.23774328591251448
0 0.6627863970755445 0.41333191861398966 0.23466370964565664 0.38679477082420427
0 0.7191426421422754 0.2815260566798971 0.14966740576496673 0.2734663710273466
