0 0.11697718260782972 0.6218489006610917 0.13386045280642433 0.3397410165187948
0 0.6268563460673969 0.8833335 0.23053651608683068 0.23333300000000012
0 0.40863943996914637 0.7166059833531455 0.20514891467764695 0.2500896023882475
0 0.5910977203997922 0.7106232428786958 0.21696700838239857 0.19396163568195612
0 0.4047270567582814 0.6399978971113849 0.23445411351656287 0.2633297942227696
0 0.11708860756097939 0.9113924050632911 0.08860759486879421 0.17721518987341767
0 0.05748945147679325 0.9282700421940928 0.060126582278481014 0.14345991561181437
0 0.2816455696202531 0.7580872005214901 0.12025316455696206 0.2869198300162574
0 0.2035864979921673 0.260196905766526 0.2151898732139776 0.1687763713080169
0 0.8718354430379747 0.7834036568213782 0.25632911392405067 0.08438818565400852
0 0.9757383966244726 0.3973277074542897 0.048523206751054926 0.11954992967651196
0 0.9520042194092827 0.5872011252965459 0.09599156118143459 0.06329113899903216
0 0.9404008438818565 0.6983122362869199 0.11919831223628696 0.06047819971870605
0 0.6608649789029536 0.6589310829817159 0.22679324894514763 0.1195499296765119
0 0.8064345991561181 0.5436005625879043 0.1613924050632911 0.07172995780590719
0 0.7631856540084387 0.4008438818565401 0.2626582278481012 0.09563994374120954
0 0.8586497890295359 0.1962025316455696 0.28270042194092826 0.172995780349243
0 0.6830168777050455 0.26933895921237694 0.5179324893156474 0.16174402250351616
0 0.615506329113924 0.4008438818565401 0.4061181434599156 0.2250351617440225
0 0.6123417721518989 0.5864978902953586 0.14029535864978915 0.09001406469760898
0 0.3966244724380104 0.4838255977496484 0.2763713077452191 0.29535864978902954
0 0.5021097051167527 0.45428973343479956 0.21308016782556638 0.11814345858750352
0 0.2273206751054852 0.14978902971697067 0.18459915611814345 0.09423347434252086
0 0.8285864978902954 0.6160337552742616 0.11919831223628696 0.06188466947960625
0 0.27056962025316456 0.43741209582104945 0.05590717299578063 0.08157524576999675
