0 0.8896238164323436 0.38675699300699307 0.220752367135313 0.18482001398601394
0 0.9382809999999999 0.5869710015540016 0.12343800000000005 0.08750000000000013
0 0.8380962590850651 0.43299733016433484 0.20024554631750768 0.09820067586868525
0 0.08231907587074558 0.2708165031080031 0.16463815174149116 0.08541699999999997
0 0.7824284989174086 0.8797299922299923 0.1711069978348171 0.24054001554001547
0 0.31343211988394143 0.3086149961149961 0.28092176456248275 0.09209401709401699
0 0.45341213724421525 0.466696667288998 0.2908940433897446 0.12915934701000842
0 0.6280995043303659 0.42067610795299687 0.3100160238170119 0.16310823766201554
0 0.1027745505474661 0.3979339968919969 0.2055491010949322 0.14050602175602178
0 0.629471187038887 0.8522566158763734 0.2745886367481405 0.27005324729276226
0 0.3508961331078435 0.5887725054390054 0.3113987489405932 0.2930850264180264
0 0.587995337995338 0.6301476301476301 0.16666666666666674 0.11965811965811957
0 0.6876456876456876 0.5726495726495726 0.13053613053613045 0.11033411033411034
0 0.07051282051282051 0.18104118104118105 0.14102564102564102 0.08547008547008547
0 0.3100233100233101 0.18725718725718726 0.2703962703962704 0.08547008547008547
0 0.7103729602900507 0.22222222222222224 0.1736596736596736 0.11188811188811193
0 0.6293706293706294 0.2867132867132867 0.24242424242424243 0.1041181041181041
0 0.9283216783216783 0.2738372636749101 0.14335664335664333 0.15606613574142866
0 0.8939393939393939 0.8201243201243201 0.21212121212121215 0.35975135975135974
