0 0.8217720643460584 0.8207603761564795 0.10548565529881782 0.23764524768704087
0 0.503745744045747 0.43322153144091535 0.055008511908505975 0.29554107531384305
0 0.4668399404477661 0.21194661932058448 0.08203989388662941 0.42389323864116896
0 0.76875 0.49375 0.07500000000000007 0.270834
0 0.6841491843150036 0.7412587412587412 0.11655011688175554 0.2735042735042733
0 0.5728438228438228 0.7731157731157732 0.0524475524475525 0.2968142968142967
0 0.6118881116808377 0.45998445998445997 0.06759906801361615 0.28282828282828276
0 0.6882284382284383 0.18026418026418026 0.0874125874125874 0.26107226107226106
0 0.5361305362963555 0.9234654234654235 0.05827505794341936 0.15306915306915303
0 0.4772727272727273 0.97008547008547 0.0407925407925408 0.05982905982905995
0 0.43589743598034564 0.9358974358974359 0.037296037130217785 0.1282051282051282
0 0.46678321678321677 0.7311577311577311 0.08275058275058278 0.25951825951825946
0 0.5571095567364635 0.45143745143745145 0.0675990668528802 0.331002331002331
0 0.4067599067599068 0.5866355866355866 0.04428904428904423 0.2999222999222998
0 0.3554778551876714 0.5337995337995338 0.04428904370867631 0.20668220668220677
0 0.3857808856565212 0.1965811965811966 0.107226106977378 0.30924630924630925
