0 0.6021138803323413 0.08652385379464285 0.09758093526785716 0.17036602306547619
0 0.496308716765873 0.24241694419642856 0.13421812003968248 0.23706603125
0 0.48101859722222223 0.5088171415550595 0.15843301240079366 0.2956097645089286
0 0.41645027926587297 0.3605155824032738 0.0427219871031746 0.13546568861607144
0 0.6629464285714286 0.28824780580357146 0.21230158730158732 0.2915253735119048
0 0.5251122776537698 0.808460978422619 0.15394550223214287 0.20075013988095236
0 0.8977032454117064 0.8517617864583333 0.1422837100694444 0.1581366681547619
0 0.761518902281746 0.056761306547619045 0.15900584623015868 0.11352261309523809
0 0.7350915895337301 0.8268229166666667 0.17664930803571433 0.34635416666666663
0 0.513640873015873 0.04296875 0.08928571428571425 0.0859375
0 0.8668652178819445 0.42733849181547623 0.16974234052579362 0.3296996793154763
0 0.7871974004216269 0.6839346240699404 0.13215329092261896 0.1142999468005953
0 0.6574937233382936 0.060825892857142856 0.050131711557539704 0.12165178571428571
0 0.6064083821924604 0.9224941715029762 0.05826582341269837 0.09719612202380956
0 0.9667052436755952 0.9557331082589285 0.06583281374007932 0.0862636867559523
0 0.6704286223958333 0.561183560453869 0.12386575272817468 0.1806228098958333
0 0.8775351099950397 0.6474931156994048 0.05514975173611114 0.12895309598214288
