0 0.4710930442637761 0.697831978319783 0.21047877145438126 0.1355013550135501
0 0.4083107497741644 0.5569105691056909 0.20957542908762428 0.14092140921409219
0 0.40289069557362234 0.42228997342826496 0.19692863595302607 0.13915989054184397
0 0.13911472448057813 0.516937669488758 0.27822944896115626 0.13143631413901508
0 0.13414634146341464 0.3299457994579945 0.22312556458897925 0.1341463414634146
0 0.16485998193315266 0.4207317073170731 0.21228545618789518 0.12330623306233052
0 0.31662149954832886 0.19783197831978316 0.14182475158084912 0.10027100271002706
0 0.582204155374887 0.23644986449864497 0.13640469738030703 0.050135501355013545
0 0.7624209575429088 0.2249322493224932 0.20596205962059633 0.1273712737127371
0 0.8337850045167118 0.34620596205962056 0.2475158084914182 0.15311653116531165
0 0.7795844625112918 0.49932249322493216 0.15356820234869017 0.08265582655826548
0 0.8450767841011743 0.4302168014396037 0.18337850045167103 0.1070460712451548
0 0.6183378500451672 0.5182926829268292 0.1942186088527551 0.12330623306233063
0 0.7524841915085818 0.7283197831978319 0.2565492321589883 0.2452574525745257
0 0.9792231255645889 0.9695121951219511 0.04697380307136367 0.06097560975609739
0 0.8739837398373984 0.700542005420054 0.2502258355916892 0.20054200542005418
0 0.6585365853658536 0.5846883468834687 0.16621499548328833 0.12330623306233057
0 0.9697380307136404 0.6199186991869918 0.060523938572719205 0.06910569105691056
0 0.9489611562782294 0.24051490503698714 0.10207768744354107 0.07181571793305289
