0 0.2868810617559524 0.7029096478794643 0.5737621235119048 0.226646248139881
0 0.7034201122271826 0.8529862116815476 0.3103624298115081 0.15313936830357133
0 0.5951961968005953 0.901225109188988 0.32259856274801596 0.13016846465773824
0 0.3512060638640873 0.857580398251488 0.04286607564484124 0.042879019717261935
0 0.4841915086805555 0.542005420014881 0.2944896116071429 0.23035230357142855
0 0.2628726287202381 0.39905149051339284 0.11201445337301585 0.0962059624255952
0 0.1476964769345238 0.46815718154761904 0.08401084027777778 0.09620596205357146
0 0.04787714533730159 0.923441734375 0.09394760615079366 0.1260162604166668
0 0.34417344171626985 0.35840108370535717 0.6883468834325397 0.4620596212797619
0 0.8297199639136905 0.7892953930431548 0.3405600721726191 0.3672086722470239
0 0.9381210478670635 0.7710027079613095 0.12375790426587296 0.17344173214285707
0 0.5117434507688492 0.2621951220238095 0.6007226738591269 0.524390244047619
0 0.9814814815228174 0.5758807591145834 0.03703703695436511 0.11924119159226199
0 0.7339656729910715 0.2242547425595238 0.4399277323908731 0.4485094851190476
