0 0.6982336087549603 0.5561400710565476 0.16735801959325391 0.264279162202381
0 0.6701936375248015 0.7584620879836309 0.21977620411706345 0.26216323846726186
0 0.7473409387400793 0.4921345541294643 0.21068515128968246 0.3405735695684524
0 0.7062039243551588 0.27786980059523814 0.19841222966269834 0.2863681666666667
0 0.5695386444692461 0.1142063521205357 0.05954639657738092 0.09409239769345239
0 0.6484035286458334 0.03511419196428572 0.08045581820436498 0.07022838392857143
0 0.9532017389632936 0.854801421875 0.09194360342261909 0.13047727083333316
0 0.9446272230902778 0.9826443536086309 0.10372064905753953 0.03285175930059514
0 0.4104245570436508 0.6518023426339286 0.26550006795634923 0.1676679419642858
0 0.40608564546130954 0.5620798487723214 0.11921676215277782 0.10909263504464284
0 0.4354249527529762 0.4748367330729167 0.18905257762896827 0.23956990587797622
0 0.5062938425099206 0.40820344773065476 0.12830781498015875 0.15899011867559526
0 0.12753770523313493 0.4853204125744048 0.21187412574404763 0.2786482849702382
0 0.16698235615079365 0.38417305729166673 0.2126254523809524 0.22004480357142858
0 0.2573293903769841 0.3110595788690476 0.1776887614087302 0.24568382663690477
0 0.38914921118551593 0.16346849516369047 0.17613915004960318 0.28534542336309526
0 0.05215991617063492 0.10994492113095239 0.10250162152777777 0.1394340238095238
0 0.17420730146329366 0.09119462444196429 0.09795609499007937 0.13397939248511906
0 0.8959074441964285 0.45084654520089285 0.18636658482142854 0.2778453046875
0 0.49091777405753967 0.0534615896577381 0.10950586458333333 0.1069231793154762
0 0.34675498276289685 0.22089724460565474 0.10477665749007936 0.14808984263392855
0 0.1968570866815476 0.05097068563988095 0.0710345230654762 0.07991383854166666
