0 0.5738344989174085 0.3390709984459984 0.14121503247774336 0.17165404040404036
0 0.4794900078374335 0.9336659867909867 0.0947380459874273 0.13266802641802666
0 0.8556677494587044 0.472596136024951 0.1166885184040547 0.20222538717401534
0 0.5749045833764176 0.5572109246066536 0.13561918840466403 0.23557815078669292
0 0.5826118168592884 0.26219975499278436 0.1759913987591658 0.20971352863358736
0 0.6120327858292519 0.19945350466200465 0.18656557165850374 0.22264504972804972
0 0.8919762527064785 0.7490190833077126 0.15026952056923748 0.28092387068061175
0 0.7825841761960457 0.4846171332950685 0.16415445307096432 0.2588057489498785
0 0.5654006826423256 0.850227436949403 0.14245637611056566 0.24932888943882126
0 0.2429811308285058 0.16825464533799536 0.22013576432518311 0.2040307248640249
0 0.41025641025641024 0.15695415695415696 0.1911421911421911 0.20202020202020204
0 0.12062937062937062 0.16705516705516704 0.19463869463869465 0.26573426573426573
0 0.18997668997668998 0.34887334887334887 0.13986013986013987 0.19114219114219105
0 0.2937062937062937 0.37140637140637145 0.18881118881118883 0.2237762237762237
0 0.40850815850815847 0.351981351981352 0.15734265734265734 0.22533022533022531
0 0.43648018648018644 0.5912975912975913 0.13636363636363635 0.25019425019425023
0 0.5635198135198136 0.9786324786324787 0.054778554778554756 0.04273504273504258
0 0.6351981351981352 0.8298368298368299 0.16550116550116556 0.29836829836829837
0 0.6765734268636105 0.5291375291375291 0.15967365909329156 0.22843822843822847
0 0.7715617715617715 0.23465423465423463 0.13286713286713303 0.18648018648018647
0 0.5262237762237763 0.04662004662004662 0.07808857808857811 0.06526806526806526
0 0.8956876456876457 0.9452214452214452 0.08041958041958042 0.10955710955710951
0 0.8199300700544344 0.9708624708624709 0.06410256435129313 0.0582750582750583
0 0.960955710955711 0.6581196581196581 0.07808857808857805 0.17249417249417243
0 0.9195804195804196 0.47707847707847706 0.10023310023310017 0.1647241647241648
0 0.7016317016317016 0.46464646464646464 0.11421911421911424 0.1647241647241648
0 0.6748251748251748 0.1888111888111888 0.10955710955710962 0.15073815073815075
0 0.11888111871529942 0.02564102564102564 0.13752913719749862 0.05128205128205128
