0 0.3447051497768626 0.5057994110125373 0.182289550669412 0.14611464405014912
0 0.3894906056535151 0.0739585 0.25309182106599487 0.147917
0 0.9608176206535839 0.11392309929295184 0.07836475869283233 0.2278461985859037
0 0.5027413375128965 0.9226958472325235 0.1669308922854924 0.15044230553495308
0 0.0796875 0.8524370055617163 0.159375 0.12688983314850755
0 0.5246294707842081 0.2855919477256961 0.2472667588778587 0.3014556507358698
0 0.673374613003096 0.43687650498796016 0.22394220846233237 0.19126246990024082
0 0.7218782249742002 0.524251806216594 0.2445820433436533 0.23942208416123945
0 0.5655314754556813 0.6212590318338556 0.09494323986905073 0.105951148578591
0 0.5892672858617132 0.7753697970416236 0.24148606811145512 0.26006191950464397
0 0.88957688354744 0.47609219155127214 0.18163054663060996 0.24217406318510365
0 0.8488132095918284 0.30409356725146197 0.16821465408775704 0.20639834881320948
0 0.9169246653177147 0.3240454071168948 0.10835913169687195 0.13622290917703012
0 0.47678018484847395 0.7189542494057011 0.4355005141757921 0.2132782916942736
0 0.13157894723841532 0.7237702098383213 0.26315789447683063 0.176126590987272
0 0.1264189886480908 0.5937392500859993 0.20330237358101133 0.13622291021671817
0 0.012383900993795431 0.608875128998968 0.024767801987590862 0.06742346061231519
0 0.18575851393188855 0.38940488476092194 0.2848297213622291 0.2862057103543172
0 0.09184726522187821 0.4072927418891086 0.18369453044375642 0.3164774686423382
0 0.03508771975326565 0.3054695562435501 0.0701754395065313 0.08806329549363606
0 0.05159958720330237 0.18438252493980048 0.10319917440660474 0.18163054695562436
0 0.1424148605186074 0.02958376332989336 0.11145510803411882 0.05916752665978672
0 0.5815273479112234 0.07843137122052923 0.21568627476981533 0.15686274244105847
0 0.6713106306850154 0.17956656121483466 0.1331269326444171 0.19676642136327782
0 0.2585139318885449 0.2084623323013416 0.17234262125902994 0.15548675610595117
0 0.22239422084623323 0.5022359821121432 0.06295149638802888 0.07155142758857924
0 0.7786377706053198 0.027519779841761266 0.10010319858938066 0.05503955968352253
