0 0.44022169432043656 0.31710213764880957 0.2692003167162698 0.1852731592261905
0 0.6059358905009921 0.28730362034970236 0.20855577256944446 0.14230360379464288
0 0.30522562375992063 0.4649643870907738 0.04196353472222225 0.04869358668154755
0 0.35312747420634916 0.8390736510416668 0.3198733174603174 0.11282668675595242
0 0.9303246238839286 0.7357482185639881 0.13776722098214278 0.09619952492559525
0 0.7426761629464286 0.8159144893973214 0.10134601140873012 0.03562945349702373
0 0.6904582599206349 0.765396802827381 0.2532878045634921 0.06286011383928558
0 0.7315914489087301 0.5861045005580356 0.06809184474206342 0.04869361197916666
0 0.38756927951388886 0.6775534440104167 0.2652414885912699 0.1413301662946428
0 0.5482976721230159 0.6163895444568452 0.06254954910714272 0.049881226562499936
0 0.9505146476934524 0.43467933072916665 0.0989707046130952 0.03325416517857144
0 0.885589865451389 0.4026128266369048 0.2288202690972222 0.05225653199404767
0 0.5435471099950397 0.4133016627604167 0.24940617584325403 0.10926365811011901
0 0.8238321334325397 0.3723278409598214 0.31274750496031745 0.07007135900297612
0 0.20665083134920634 0.7001187648809524 0.14885193998015872 0.18408551041666676
0 0.29849562450396827 0.5914489477306548 0.09026132440476187 0.10688837760416658
0 0.34402211061507937 0.615201900297619 0.14647676041666668 0.10688836086309528
0 0.35510687859623014 0.52790973046875 0.059382442212301545 0.07244653906249998
0 0.47426758742559527 0.5308788975074406 0.16943790500992062 0.083135466889881
0 0.7250231702628968 0.4371311592261905 0.11606609002976187 0.05953601190476193
0 0.6425178368055555 0.44893109133184517 0.05463187301587291 0.0356295040922619
0 0.5985748267609128 0.46140142522321426 0.026920041418650897 0.036817101934523755
0 0.7901820949900793 0.50475059375 0.20744261904761907 0.05700712574404759
0 0.8962786966765873 0.6288598575148809 0.07600951091269836 0.03681710193452381
0 0.8202692002728175 0.6122327792038691 0.05225653199404756 0.04631828980654762
0 0.9746634996279762 0.641330166108631 0.02216943774801583 0.02612826599702378
0 0.6025336500496031 0.8450118764880952 0.05067300099206351 0.02969121130952379
0 0.13895486941964286 0.6442992873883928 0.0609659541170635 0.13895486941964286
0 0.8978622327628969 0.2381235279017857 0.20427553447420632 0.053444205357142865
0 0.9806017419394841 0.17695962816220237 0.03721298487103164 0.04513065811011907
0 0.9109263866567461 0.18527316331845237 0.1084719241071429 0.047505930059523804
0 0.7814726852678572 0.21437051283482145 0.15360263392857143 0.06532058147321432
