0 0.7843457853422618 0.11535703701636904 0.17447378298611116 0.18811906882440477
0 0.2797304481646825 0.8996488151041666 0.17997147420634924 0.20070236979166667
0 0.5116839544890873 0.24448115531994047 0.22621514211309518 0.24355601302083338
0 0.11056018043154761 0.4980714838169642 0.155367734375 0.2009375063244047
0 0.5235275267857143 0.6859347388392858 0.20806337301587302 0.3420856287202382
0 0.3109767764136905 0.39770986904761907 0.18753954141865076 0.1542418660714286
0 0.9016488453621032 0.12752700093005953 0.11130036830357148 0.17231038430059525
0 0.060686723090277776 0.8687554140625 0.12118607762896826 0.12789938467261908
0 0.43698871056547617 0.5314770995163691 0.3325048601190476 0.35761370944940485
0 0.10676389000496031 0.3986824659598214 0.15621781423611109 0.07511221093749992
0 0.6932611107390874 0.42044149609375 0.11283777008928564 0.13180079724702376
0 0.7478142932787698 0.04353494345238095 0.11009980381944451 0.0870698869047619
0 0.081968345734127 0.7335756917782739 0.163936691468254 0.14703837313988088
0 0.26765527690972224 0.7992319360119047 0.25192209499007934 0.19902278869047618
0 0.8403344724702381 0.01851836328125 0.07527789930555562 0.0370367265625
