0 0.2972602739726028 0.18013698630136984 0.1251141552511416 0.3219178082191781
0 0.18995433789954339 0.4547945205479452 0.0821917808219178 0.2465753424657533
0 0.24337899543379 0.4719178083337121 0.132420091324201 0.2726027394969595
0 0.12602739726027398 0.7520547945205479 0.12054794520547947 0.32602739726027385
0 0.16712328767123288 0.8095890410958904 0.09863013698630137 0.19452054794520568
0 0.30228310502283107 0.4363013696912127 0.2082191780821918 0.5986301366426994
0 0.4146118721461187 0.45616438356164385 0.16255707762557087 0.18356164383561635
0 0.6470319634703197 0.28356164383561644 0.2639269406392696 0.11780821917808215
0 0.7360730593607306 0.36369863013698633 0.08584474885844728 0.05342465753424658
0 0.44794520547945205 0.6842465755142667 0.119634703196347 0.14383561609475426
0 0.8876712328767122 0.5410958904109588 0.22465753424657542 0.1232876712328767
0 0.9191780821917809 0.40273972602739727 0.16164383561643825 0.060273972602739645
0 0.9538812785388129 0.2863013696912128 0.09223744292237435 0.14246575376825937
0 0.7675799086757991 0.42945205479452053 0.13972602739726026 0.05068493150684927
0 0.4301369863013699 0.6287671247766128 0.09680365296803656 0.14246575044677434
0 0.4835616438356164 0.5171232873848979 0.06301369863013706 0.07534246586795856
0 0.619634703196347 0.5171232894465093 0.25296803652968025 0.20958903502559
0 0.6136986301369862 0.424657532013163 0.1442922374429224 0.10136985785967012
0 0.9881278538812786 0.4575342465753424 0.02191780821917788 0.0383561643835616
0 0.18356164383561643 0.8821917808219177 0.12602739726027395 0.23561643835616441
0 0.28447488584474884 0.7205479452054794 0.07214611872146118 0.14520547945205498
