0 0.971628209327694 0.3544336277896989 0.05674358134461188 0.2938611480748283
0 0.9244918699500897 0.6495904759243759 0.1510162600998206 0.29475105913887756
0 0.8431457516274516 0.5920391276616763 0.16378980110698793 0.3542679596857864
0 0.5701219509997788 0.9112466124661246 0.0792682922434601 0.1775067750677508
0 0.7073170730137792 0.6199186991869918 0.1707317070031683 0.2940379403794036
0 0.7952235772357723 0.6341463414634146 0.15955284552845528 0.3604336043360434
0 0.9639227642276422 0.8990514905149052 0.07215447154471544 0.20189701897018975
0 0.8983739836456659 0.11653116531165311 0.11788617905013132 0.23306233062330622
0 0.7652439024390244 0.17005420054200543 0.07520325203252032 0.26964769647696474
0 0.546239837398374 0.07113821138211382 0.04979674796747968 0.14227642276422764
0 0.4380081300813008 0.06842818360945697 0.08333333333333337 0.13685636721891395
0 0.28048780487804875 0.4037940379403794 0.10569105691056904 0.2981029810298103
0 0.502540650406504 0.8306233062330624 0.08231707317073178 0.2384823848238481
0 0.5254065038453073 0.4878048780487805 0.054878049219954594 0.27371273712737126
0 0.6224593495934959 0.22628726404930394 0.05792682926829262 0.24932249087158187
0 0.4872967479674797 0.17344173441734417 0.055894308943089444 0.16260162601626016
0 0.4400406504065041 0.3611111111111111 0.09552845528455284 0.4159891598915989
0 0.3160569105691057 0.3299457994579946 0.16056910569105687 0.494579945799458
0 0.3440040650406504 0.2100271002710027 0.125 0.32791327913279134
0 0.25355691097718197 0.05420054200542006 0.05792682845214012 0.10840108401084012
0 0.9278455284552846 0.4302168021680217 0.07317073170731714 0.1531165311653116
0 0.8241869923093854 0.896341463414634 0.12398374071633178 0.20731707317073178
0 0.19613821103681855 0.017615176151761516 0.04674796729133193 0.03523035230352303
