0 0.32555038138275766 0.7396717111534794 0.14967082949573463 0.06458399999999997
0 0.7425750881310034 0.8749569025751791 0.0976501762620069 0.08706096053644019
0 0.2904918377316008 0.20160505212357294 0.2774803389522389 0.2692398480884117
0 0.11409201182167644 0.7288240451952781 0.22818402364335288 0.18401790960944375
0 0.30270910930082195 0.40841873146910995 0.24471755129945144 0.20604146937827206
0 0.14802788369876071 0.41271151096282177 0.1862547664442326 0.20875702192564355
0 0.28598685340448016 0.9500000000000001 0.17177629319103965 0.06666600000000011
0 0.5058884269260299 0.9016414442326024 0.22074221192487054 0.10328288846520495
0 0.27097856755652855 0.525 0.14866886488694298 0.2
0 0.7196139180171592 0.15300285986653958 0.3767874165872259 0.2449952335557674
0 0.9580552907530981 0.10200190657769304 0.08579599618684464 0.07435653002859866
0 0.48331744518589126 0.14156339370829363 0.20877025738798854 0.14585319351763584
0 0.3088655862726406 0.02478551000953289 0.09866539561487131 0.05147759771210677
0 0.036105815061963774 0.4938036224976168 0.0736415633937083 0.22116301239275504
0 0.1798141086749285 0.8994280266920878 0.2695424213536702 0.1382268827454718
0 0.4740228789323165 0.33031458531935176 0.21877979027645378 0.18970448045757868
0 0.5415872259294565 0.040038131553860816 0.15514775977121065 0.08007626310772163
0 0.020019065776930408 0.9585319351763584 0.040038131553860816 0.06387035271687325
