0 0.38437559442427655 0.48330725525101736 0.09062481115144694 0.3033964583337268
0 0.3445121951219512 0.13008130081300812 0.05284552845528451 0.24661246612466123
0 0.15040650406504064 0.2804878048780488 0.14024390243902438 0.19783197831978322
0 0.05487804878048781 0.05894308937486217 0.10975609756097562 0.11788617874972435
0 0.2210365851461203 0.09620596267597428 0.12500000069059058 0.19241192535194857
0 0.0917890662152982 0.24595799928992285 0.1835781324305964 0.19923307197470597
0 0.4339430894308943 0.8387533875338754 0.21951219512195125 0.3197831978319783
0 0.4405487804878049 0.4261517615176152 0.08028455284552849 0.36991869918699194
0 0.4867886178861789 0.4478319783197832 0.08333333333333331 0.44308943089430886
0 0.5655487804878049 0.3529810298102981 0.133130081300813 0.3102981029810299
0 0.6854674796747968 0.5962059620596206 0.16361788617886186 0.29268292682926833
0 0.8470528455284553 0.8841463414634146 0.13719512195121952 0.23170731707317072
0 0.7047764227642277 0.8984707700527781 0.11483739837398377 0.20344560514620647
0 0.472560975672537 0.061653116531165314 0.11382113808582017 0.12330623306233063
0 0.19969512195121952 0.02100271002710027 0.04369918699186992 0.04200542005420054
