0 0.1604104664443061 0.9441405 0.08332093288861218 0.10078100000000001
0 0.19961803484280377 0.25022576876335967 0.09007147023673734 0.3287382849976008
0 0.3000791765637371 0.32007125890736343 0.12034837688044339 0.35985748218527314
0 0.38660981425387253 0.8717339667458432 0.09817896976534196 0.2565320665083135
0 0.40380045969373435 0.9216152019002376 0.08234364823754498 0.1567695961995248
0 0.4651623141507537 0.8853919239904988 0.09738717778685962 0.22921615201900247
0 0.4133016627078385 0.6638954869358671 0.058590657165478954 0.17577197149643708
0 0.33095803642121935 0.27790973871733965 0.15835312747426766 0.5154394299287411
0 0.551464766429137 0.7422802850356294 0.03404592240696758 0.1781472684085511
0 0.5510688858055439 0.9447743467933492 0.05542359900617899 0.1104513064133017
0 0.6294536948807692 0.8242279742230401 0.05067297445065477 0.35154405155391977
0 0.7205067300079177 0.8847980997624704 0.07600950118764849 0.23040380047505926
0 0.778701504354711 0.9406175771971497 0.06254948535233584 0.11876484560570066
0 0.8392715843939887 0.9798099762470309 0.05542364729821547 0.040380047505938266
0 0.7399049881235154 0.5914489311163895 0.1211401425178148 0.5391923990498813
0 0.648456057007126 0.5118764845605701 0.11243072050672998 0.510688836104513
0 0.554631820198252 0.36163889641341096 0.13222486144101347 0.32422791159166753
0 0.692794853676588 0.048099762470308796 0.07284255278297691 0.09619952494061759
0 0.6231194775879103 0.14726839184936957 0.1646874194002742 0.29453678369873915
0 0.6769596199524941 0.15380041660343474 0.10768012668250193 0.23159156584301177
0 0.7684085422885133 0.3034441805225653 0.10530484733112866 0.3836104513064133
0 0.617181314330958 0.01840855106888361 0.046714172604908955 0.03681710213776722
