0 0.5736346502495517 0.8802667888913006 0.19869206309444065 0.23946642221739878
0 0.11890243940107603 0.07863651381340486 0.0976626009982066 0.15727302762680972
0 0.6686492856209689 0.8761434596857864 0.165480698874925 0.24771308062842712
0 0.5951153497504483 0.6229586754284879 0.2010294620962338 0.3567574583615454
0 0.17378048780487804 0.06775067750677506 0.08536585365853655 0.13550135501355012
0 0.22256097570392755 0.058265582655826556 0.09552845509620994 0.11653116531165311
0 0.1758130081300813 0.2676151760957294 0.14430894308943087 0.2425474255863191
0 0.2860772357723577 0.45663956639566394 0.11890243902439021 0.14634146341463428
0 0.9070121952789035 0.9552845531256893 0.06808943045484206 0.08943089374862145
0 0.7195121951219512 0.14566395663956638 0.07113821138211385 0.29132791327913277
0 0.77489837464294 0.03861788617886179 0.06605690925070551 0.07723577235772358
0 0.8328252032520325 0.45934959349593496 0.125 0.28184281842818426
0 0.7784552845528455 0.5508130066732453 0.13617886178861793 0.26422763936275084
0 0.8440040659509743 0.7215447154471545 0.07012194939886429 0.13956639566395657
0 0.7682926828954387 0.9397018970189702 0.09552845522177167 0.12059620596205956
0 0.39176829268292684 0.33739837398373984 0.15345528455284552 0.20325203252032525
0 0.6300813008130082 0.28997289972899726 0.11585365853658536 0.2710027100271002
0 0.5746951219512195 0.33604336043360433 0.12296747967479682 0.21409214092140924
0 0.28963414634146345 0.04539295392953929 0.10569105691056915 0.09078590785907859
0 0.43140243902439024 0.2574525735731987 0.18597560975609756 0.2601626017380807
0 0.4867886178233979 0.06571815718157181 0.0772357724832855 0.13143631436314362
0 0.681910569105691 0.5481029811979068 0.13008130081300806 0.23712737160990577
0 0.6290650406504066 0.5636856368563685 0.1585365853658538 0.2981029810298103
0 0.7749075448454203 0.8279725363182913 0.10875817912173502 0.2602811159970161
0 0.5665650405248446 0.6471516575928642 0.1107723574724534 0.2097617254646783
0 0.3623417726612585 0.470464135021097 0.10443037872811578 0.12517580872011258
0 0.44356539968933306 0.6591725455841545 0.15928269811284346 0.18754340340459597
0 0.5938818556911515 0.8417721504498885 0.17088607764723296 0.2573839691424169
0 0.505801687763713 0.6350210970464135 0.09810126582278483 0.1533052039381153
0 0.2510548523206751 0.3023909989557417 0.10126582278481011 0.14064697536559137
