0 0.30364212189980155 0.4560570070684524 0.08471892336309522 0.13301662723214291
0 0.4002375297619048 0.2042755344122024 0.08155186061507935 0.06650831361607146
0 0.18646080753968253 0.2850356292782738 0.14647664285714287 0.11876484561011902
0 0.1741884402281746 0.4334916863839286 0.09342834523809526 0.14726840848214284
0 0.16112431572420632 0.4831137645089285 0.07046715873015871 0.15625176636904764
0 0.07323832142857142 0.5023752760416667 0.04513064136904762 0.18052260714285717
0 0.03483768799603174 0.4673396674107143 0.06967537599206348 0.12707838467261912
0 0.034441805183531744 0.7203087885044642 0.06888361036706349 0.23634204278273807
0 0.3408623111359127 0.7885540425967261 0.06413301661706344 0.043942992931547686
0 0.2776576671626984 0.7577133383556548 0.05304829761904761 0.05938242299107155
0 0.4758511480654761 0.6193586698288691 0.08551068898809516 0.08907363430059523
0 0.4493269991319444 0.6555819477306548 0.12114014260912698 0.08313539174107143
0 0.42517814732142856 0.746437054501488 0.08709422023809521 0.04156769605654753
0 0.6072842437996031 0.6478622327008929 0.0918448139880953 0.10332541555059527
0 0.627078384796627 0.5314727799479166 0.12351543923611119 0.23159164099702378
0 0.5514647664930556 0.36817102139136904 0.03879651612103174 0.099762470610119
0 0.490498812375992 0.33076009505208337 0.04196357862103173 0.15558194754464288
0 0.4330958121279762 0.3420427553943452 0.0665083306051587 0.11876484561011902
0 0.36144101339285717 0.2891923991815476 0.022961203373015937 0.02969121130952379
0 0.5811559778025793 0.18527315922619048 0.08867775124007937 0.05938242261904761
0 0.609263657986111 0.3129453681175595 0.10530482986111112 0.10095011867559522
0 0.7589073633432539 0.2583135392485119 0.13855898660714283 0.13182897879464286
0 0.8590657166418652 0.41033254148065473 0.0443388757440476 0.13895486941964286
0 0.3178938960813492 0.2832541651785714 0.0308788745039682 0.03919241592261907
0 0.48495645287698413 0.7137766761532738 0.06096595386904757 0.0403801395089286
