0 0.34878037648809523 0.8950892857142857 0.14845361011904756 0.12872023809523814
0 0.08426663814484127 0.4519772483258928 0.08867216517857143 0.20429629278273803
0 0.6316277960069444 0.1741819488467262 0.10430393179563491 0.22219563058035713
0 0.1456547163938492 0.8311705418526786 0.13706098387896826 0.10504941703869042
0 0.5898453225446428 0.7417309946056547 0.11575440997023811 0.21419283519345234
0 0.5993128736359128 0.47452043675595235 0.16014557316468248 0.2994758690476191
0 0.4511116315724206 0.1706431958705357 0.06057435590277782 0.15665606436011903
0 0.2796965193452381 0.6097666882440476 0.21110830654761903 0.15365880431547618
0 0.7997589987599206 0.2119073110119048 0.11332407638888897 0.18141151190476193
0 0.34379190389384917 0.7736455543154761 0.18188649231150794 0.16113039434523813
0 0.9217029623015873 0.15377980040922617 0.15659407539682535 0.30755960081845235
0 0.6960542002728174 0.2890150459449405 0.02406223437499999 0.1904117161458333
0 0.7717013888888888 0.06380208333333333 0.1316964285714285 0.12760416666666666
0 0.4929490311259921 0.4218754536830357 0.109409967013889 0.1971753404017857
0 0.44704156907242065 0.3625201821056548 0.105420830109127 0.2569735442708333
0 0.5351589033978175 0.10094138039434525 0.04870297346230168 0.1093938158482143
0 0.03298611111111111 0.9112956540178572 0.06597222222222222 0.06679534077380955
0 0.34859592943948414 0.25483630952380953 0.07512956969246032 0.20833333333333331
0 0.02194940476190476 0.5950520833333334 0.04389880952380952 0.12313988095238093
0 0.39551965550595236 0.6215808080357142 0.09672692063492067 0.08489670238095237
0 0.007026425223214286 0.8837652488839286 0.014052850446428572 0.03479135416666668
0 0.5487679993799602 0.13286367652529762 0.04120040252976187 0.09847965959821428
