0 0.5683290149568303 0.33701321815468277 0.1162180515654897 0.22600845495738414
0 0.7138767483761128 0.1507600038850039 0.07293951840405477 0.3015200077700078
0 0.818718005309222 0.41031280041606283 0.14660604526137044 0.4194314095059529
0 0.5896582483761128 0.6265723240659236 0.19171451407368878 0.3675533767321776
0 0.1136363636778185 0.08080808080808081 0.10839160830869868 0.16161616161616163
0 0.20745920745920743 0.33333333333333337 0.22610722610722608 0.38383838383838387
0 0.25815850815850816 0.3038073038073038 0.141025641025641 0.1445221445221445
0 0.16899766912203357 0.07692307692307693 0.10023309932109328 0.15384615384615385
0 0.22377622377622378 0.0707070707070707 0.09790209790209786 0.1414141414141414
0 0.2902097902097902 0.07226107226107226 0.12121212121212122 0.1445221445221445
0 0.39277389277389274 0.35742035742035744 0.1538461538461538 0.23310023310023317
0 0.43065268065268064 0.2665112665112665 0.1806526806526806 0.24397824397824397
0 0.5664335665164764 0.8768453768453768 0.198135198301018 0.24630924630924644
0 0.527972027972028 0.7731157731157732 0.2890442890442891 0.4211344211344211
0 0.4994172494172494 0.6379176379176379 0.11072261072261069 0.18803418803418803
0 0.5547785537007284 0.6348096348096348 0.0955710934154429 0.1787101787101788
0 0.6532634028903096 0.8574203574203574 0.1899766892305026 0.2851592851592851
0 0.7622377624450365 0.9374514374514374 0.08391608433063247 0.12509712509712512
0 0.48426573426573427 0.0979020979020979 0.07109557109557113 0.1958041958041958
0 0.7674825174825175 0.04428904428904429 0.061771561771561845 0.08857808857808858
0 0.6171328671328671 0.29215229215229216 0.09906759906759888 0.2921522921522921
0 0.906177156218611 0.9491064491064491 0.07109557117848075 0.10178710178710171
0 0.7896270396270396 0.6083916083916084 0.16433566433566438 0.3900543900543901
0 0.6311188811188811 0.5912975912975913 0.14335664335664333 0.2812742812742812
0 0.7307090151570091 0.7267044562403617 0.19102175991774795 0.4774959365677476
