0 0.07521773549107143 0.4524940658482143 0.15043547098214285 0.1448931197916667
0 0.07323832142857144 0.5314726547619048 0.12272367361111113 0.08907369270833332
0 0.07555863541666667 0.6855756209077382 0.15111727083333334 0.1062835543154762
0 0.5067300079365079 0.39667458444940473 0.15676959623015868 0.0926365796130953
0 0.3119556672867063 0.5059381210937499 0.2787015166170635 0.23277933965773812
0 0.614014251860119 0.616389548735119 0.4140934283234127 0.2897862232142857
0 0.20585905592757936 0.7072446473214286 0.22802852306547616 0.08432302380952383
0 0.05186064918154762 0.8277909739583333 0.059382422867063495 0.054631828869047716
0 0.607680126736111 0.47980997619047616 0.26999208234126976 0.18527315922619048
0 0.8139350298859127 0.38123521688988093 0.15835321800595248 0.12826615848214284
0 0.15281076798115079 0.8016627079613096 0.04750593824404761 0.052256531994047783
