0 0.9596974206349207 0.07468677455357142 0.08060515873015872 0.14937354910714284
0 0.5522854871031746 0.26526939527529764 0.18093504166666663 0.20356140364583333
0 0.6002172358630953 0.28718315327380955 0.182093013888889 0.20784378199404765
0 0.5658862282986111 0.5020366839657738 0.1718973504464285 0.24972260230654758
0 0.8605152264384921 0.08293554501488094 0.09851012400793657 0.16520043229166667
0 0.2706761732390873 0.5550184443824404 0.12284300074404766 0.15381387686011905
0 0.0566322017609127 0.8690883779761904 0.1132644035218254 0.26182324404761903
0 0.7426177678571428 0.23325486830357142 0.13400867113095238 0.28597837723214287
0 0.7997418717757936 0.24232001320684524 0.10052662400793666 0.16474760156249996
0 0.17251574218750002 0.585108331845238 0.137936986359127 0.19619783854166667
0 0.37270949987599206 0.5008264109002976 0.12475823834325395 0.1939123671875
0 0.42119759970238096 0.36749815345982145 0.18151276686507944 0.27566035974702385
0 0.8414460192212302 0.23843133333333333 0.05992696999007929 0.08083393452380952
0 0.5963147013888889 0.6394636454613095 0.10064589037698424 0.12048418526785709
0 0.5183531746031746 0.02273502697172619 0.045138888888888895 0.04547005394345238
0 0.3922856047867063 0.294329375 0.13717498338293654 0.21013786160714287
0 0.5019228199404762 0.17089839360119047 0.07522656597222233 0.13501683482142857
0 0.6885719827628969 0.05900033798363095 0.08656555877976191 0.1180006759672619
0 0.6385262690972222 0.037690633556547615 0.05333056746031739 0.07538126711309523
0 0.18809445213293652 0.9719550081845238 0.06739481001984127 0.0560899836309523
0 0.23647981113591268 0.8246756785714285 0.1575170508432539 0.2910724174107142
0 0.13950747705853175 0.8056115420386905 0.18104023735119046 0.2608897723214285
