0 0.3927157561361837 0.3432304038004751 0.13301662707838485 0.11638954869358675
0 0.4192399049881236 0.28266033254156775 0.07838479809976245 0.08076009501187648
0 0.4528899445764054 0.1199524940617577 0.17418844022169422 0.13539192399049882
0 0.42953285827395093 0.15855106888361045 0.18764845605700714 0.15795724465558192
0 0.17102137767220904 0.19299287410926363 0.1599366587490103 0.11757719714964368
0 0.2418844022169438 0.1549880734103414 0.16231195566112436 0.13420437574463784
0 0.08115597783056215 0.2790973871733967 0.1623119556611243 0.156769596199525
0 0.2501979765308241 0.4714959986350241 0.2137767484313723 0.18527403598410824
0 0.332541567695962 0.6152019002375297 0.25811559778305626 0.22565320665083144
0 0.3511480601741884 0.7672209026128265 0.2984956452889944 0.27553444180522557
0 0.14528899445764054 0.5380047505938242 0.10055423594615995 0.09738717339667446
0 0.021773555027711798 0.36163896739563317 0.043547110055423596 0.08669836234471051
0 0.5197941409342834 0.7571258907363418 0.11322248614410141 0.12232779097387148
0 0.5558194774346794 0.6193586698337292 0.2090261282660334 0.19121140142517834
0 0.7145684767521697 0.7969120931371276 0.31749799863498085 0.25890732166617925
0 0.6405383852677644 0.929334916864608 0.123515470161225 0.14133016627078399
0 0.8345209817893903 0.9602137767220903 0.14093428345209835 0.07957244655581941
0 0.9635787806809184 0.93646080760095 0.07125890736342022 0.09382422802850343
0 0.9319081551860648 0.7428741134390828 0.1361836896278702 0.11995250241260735
0 0.8836104513064134 0.6229216152019004 0.2327790973871734 0.18646080760095007
0 0.8883610451306414 0.48277909738717334 0.2232779097387173 0.20783847980997627
0 0.9627870150435471 0.41745843230403806 0.07442596991290573 0.07957244655581952
0 0.8305621514074409 0.8141330166270784 0.15201900676548208 0.13657957244655572
0 0.6920031977938456 0.6662707880234059 0.15360259511263163 0.1900237613199709
0 0.7486144167198778 0.6401425178147269 0.057798878357552264 0.06888361045130653
0 0.6334125098970704 0.32066509148624167 0.18685669041963582 0.1757719881981365
0 0.6266825195401546 0.24821853149133927 0.09263654445096536 0.09501186813371085
0 0.808788598574822 0.23159144893111638 0.21456848772763248 0.1543942992874109
0 0.052652414885193975 0.0166270783847981 0.10530482977038795 0.0332541567695962
