0 0.26090411717263895 0.4251265873860621 0.21398751501482136 0.22627898838736576
0 0.6163012392755004 0.3098188751191611 0.45185891325071487 0.24404194470924698
0 0.4679456625357483 0.7669208770257387 0.1765967588179218 0.1706387035271687
0 0.830672068636797 0.5819828408007627 0.33865586272640613 0.22783603431839855
0 0.8875119161105814 0.09199237368922784 0.2249761677788371 0.08102955195424213
0 0.7721639656816015 0.15061963775023832 0.24451858913250712 0.10486177311725452
0 0.5258579599618685 0.10867492850333652 0.31101048617731164 0.16396568160152525
0 0.39680648236415633 0.06911344137273594 0.14585319351763582 0.12678741658722595
0 0.22950428979980933 0.82697807435653 0.16158245948522404 0.1382268827454718
0 0.07542897998093422 0.9366062917063871 0.15085795996186843 0.1267874165872258
0 0.3056482364156339 0.9351763584366063 0.23093422306959008 0.12964728312678742
0 0.09509056244041943 0.8122020972354624 0.19018112488083885 0.28026692087702587
0 0.13798856053384173 0.6296472831267874 0.10867492850333652 0.14585319351763593
0 0.2781220209723546 0.5252621544327931 0.1830314585319352 0.18684461391801704
0 0.5319351763584366 0.45281220209723544 0.2945662535748332 0.12583412774070546
0 0.8912059103908484 0.325071496663489 0.21520495710200183 0.13346043851286943
0 0.7378455672068637 0.3860819828408008 0.12726406101048648 0.0972354623450905
0 0.971163012392755 0.41420400381315536 0.057673975214490025 0.0962821734985701
0 0.06506196377502382 0.678741658722593 0.13012392755004765 0.24976167778836988
0 0.6470448045757864 0.023832221163012392 0.29313632030505243 0.047664442326024785
0 0.965443279313632 0.1644423260247855 0.069113441372736 0.040991420400381284
0 0.46186844613918016 0.19876072449952334 0.24451858913250712 0.1286939942802669
0 0.4632983794089609 0.26072449952335564 0.2144899904671116 0.14394661582459495
0 0.7582221163012393 0.5176358436606292 0.1837464251668255 0.10486177311725459
0 0.2297454768915192 0.3112136278699724 0.2524675570236473 0.22775796633622652
