0 0.028273809523809524 0.30177358184523806 0.04613095238095238 0.23499450297619046
0 0.5890928727678572 0.3950888833705357 0.15476190476190466 0.1993203909970238
0 0.4090138076636905 0.5588428681175595 0.1900500096726191 0.27489358147321424
0 0.7818434918154762 0.8221757935267857 0.08700047569444447 0.21849228497023798
0 0.1580599259672619 0.8479909148065476 0.1821167879464286 0.3040181703869047
0 0.5710796927083333 0.6534697291666667 0.12811371130952376 0.22067214732142848
0 0.7466070675843254 0.48390811328125 0.21416064508928567 0.18332597209821422
0 0.9528769841269841 0.39583333333333337 0.09375 0.06770833333333331
0 0.6037769619295634 0.8039572576264882 0.13325669965277775 0.17433864025297618
0 0.8679315476190477 0.31320091406250006 0.26413690476190477 0.12050875892857144
0 0.03484999516369047 0.8707719274553571 0.04936770907738095 0.15001846726190482
0 0.9260559699900793 0.0943216168154762 0.1464221418650793 0.18776612425595238
0 0.017818394345238096 0.7576475576636905 0.03563678869047619 0.15657988467261907
0 0.9399801587301587 0.8218005952380952 0.1195436507936507 0.08630952380952372
0 0.6879910115327381 0.8672238958333334 0.055563922371031804 0.11830859151785711
0 0.024432796750992063 0.5928092189360119 0.04886559350198413 0.15711645721726186
0 0.5513030994543651 0.6114951979166666 0.10201660912698407 0.1624647626488096
0 0.7252796551339286 0.23452476618303572 0.1411184823908731 0.13748140811011905
