0 0.4784427074652778 0.08258957347470239 0.12206398635912696 0.16438884858630953
0 0.6034226190476191 0.9222470238095238 0.08630952380952384 0.15327380952380953
0 0.5697988758680556 0.12096125874255953 0.029974735863095292 0.20695227938988098
0 0.7014826515376984 0.7540281915922619 0.07004446726190472 0.2785876450892857
0 0.4636520152529762 0.31586910584077377 0.09182051066468266 0.3329605048363095
0 0.8296692015128968 0.882195125 0.07429254935515872 0.23560974999999995
0 0.6670405577876984 0.3666450652901786 0.09174123263888889 0.3052381789434524
0 0.6746031746031746 0.957105423921131 0.05902777777777779 0.08504510453869041
0 0.5758573852926587 0.33333333333333337 0.05598064360119048 0.17931547619047622
0 0.2695371476934524 0.9442706026785714 0.17647508903769846 0.10982004389880973
0 0.6597222222222223 0.6375441975446428 0.02686141765873018 0.13595149032738096
0 0.6313880424107143 0.611935494047619 0.043938081845238064 0.2366011339285714
0 0.09623015873015874 0.8489583333333333 0.19196428571428573 0.1227678571428571
0 0.4942742452876984 0.9750744047619048 0.04417228422619057 0.049851190476190466
0 0.7708543437500001 0.18345914118303572 0.15223972519841267 0.36691828236607144
0 0.5788690476190477 0.7072172619047619 0.05009920634920639 0.20386904761904756
0 0.3773601187996032 0.24295080301339284 0.0364157123015873 0.30062567745535707
0 0.3639313306051587 0.5921011177455358 0.08560528075396828 0.4096113136160715
0 0.42591731746031747 0.7612538891369047 0.08504121478174603 0.30208102901785716
0 0.5138061827876984 0.6822578813244047 0.0978184315476191 0.24425521428571428
