0 0.5668144874943073 0.7763105401221873 0.24864884530340237 0.2409970210858149
0 0.8448139350752176 0.5362232987868629 0.17735550277117973 0.16270788023405847
0 0.7794932677969899 0.46733966328300747 0.24307205506318597 0.18408551903968573
0 0.5193982471401348 0.684679351618564 0.20110849384324564 0.21496440394971694
0 0.547901821060966 0.5267220944367075 0.19635787806809196 0.1413301579199342
0 0.6512272367379256 0.3960807600950118 0.3428345209817895 0.19121140142517806
0 0.7901821060965954 0.38895485683239533 0.20110847189231995 0.15558197279601693
0 0.4235946203838511 0.9198336582339299 0.0839271663417322 0.11995263602620199
0 0.30482977038796516 0.8176959619952494 0.19319081551860648 0.28622327790973845
0 0.30087094220110855 0.6793347749001637 0.09976247030878865 0.15439458321629973
0 0.12668249978432153 0.9513064133016628 0.083927161951547 0.09738717339667446
0 0.11520190901790002 0.8390736342042756 0.14172606665021018 0.2790973871733968
0 0.04790182106096595 0.8254156769596199 0.0958036421219319 0.23040380047505937
0 0.01979414093428345 0.766627078384798 0.0395882818685669 0.09857482185273159
0 0.12945368171021376 0.5593824311537 0.2589073634204275 0.2850356461553809
0 0.0510688836104513 0.4376484560570071 0.10055423594615993 0.1270783847980998
0 0.04077593032462391 0.3776722090261282 0.0831353919239905 0.09976247030878854
0 0.14806017418844022 0.18052255696981545 0.24544734758511483 0.16864609746179438
0 0.24030087313729367 0.28919239904988125 0.28107680565701015 0.165083135391924
0 0.35669041963578785 0.417458432304038 0.13222486144101347 0.09619952494061751
0 0.368566893220895 0.35332541567695963 0.22723675987649983 0.13420427553444186
0 0.43665874901029295 0.12410926365795724 0.05621536025336504 0.05819477434679336
