0 0.41192340676261174 0.9375 0.13197689432378873 0.125
0 0.6334863365031672 0.8716726869170064 0.16193992799187207 0.2566546261659872
0 0.710156 0.15 0.18281199999999997 0.08333399999999998
0 0.2704028977787376 0.10161168418345709 0.16544420444252486 0.16988996836691417
0 0.5125 0.8538156790462621 0.12499999999999994 0.2076313580925241
0 0.828125 0.95 0.06875000000000009 0.09999999999999998
0 0.7192711486599739 0.4109503140229024 0.25104229731994787 0.1854507624265167
0 0.7038158311423723 0.8701190068645002 0.13753307469282394 0.2177441212335699
0 0.444492890149731 0.6219778581909639 0.1730569014973099 0.23189049862721134
0 0.35655739232089834 0.6597986075045695 0.1965041448975609 0.23626321500913905
0 0.1627869361658087 0.42586692298836176 0.2145948094651545 0.25890234215627317
0 0.93164229989403 0.5757758350150778 0.13671540021193995 0.1348856700301555
0 0.906326219700538 0.6310282266601968 0.1873475605989241 0.17289656082496285
0 0.775038109850269 0.7263103277684051 0.16430386109802742 0.21888081679366433
0 0.8914369774975273 0.7155235403142135 0.2171260450049456 0.18917716125685424
0 0.6521794890868462 0.45341627646444865 0.22234678116831252 0.1928765798050397
0 0.25818140395168926 0.4271849596857864 0.19864237336241075 0.2616863225137087
0 0.476626016417115 0.9071815718157181 0.170731707630978 0.18563685636856364
0 0.5477642276422765 0.6632791327913279 0.12195121951219512 0.15582655826558267
0 0.5777439024390244 0.4871273712737127 0.24491869918699188 0.2100271002710027
0 0.358739837398374 0.42615176151761514 0.20731707317073172 0.2018970189701898
0 0.20884146341463417 0.5982384823848238 0.15752032520325202 0.24796747967479654
0 0.034044715447154476 0.24322493236138681 0.06808943089430895 0.09078590785907861
0 0.09857723577235773 0.5765582655826558 0.17073170731707318 0.28590785907859073
0 0.8917682849294771 0.9323461088061655 0.08638209831423871 0.13840495473970238
0 0.5167682926829268 0.17682926806855434 0.18800813008130074 0.08536585410679381
0 0.03302845528455284 0.15853658536585366 0.06605691056910568 0.08672086720867211
