0 0.41643398325892855 0.33615682421875004 0.24005099627976184 0.3684263374255952
0 0.8657165617559524 0.07509461272321429 0.06458640327380949 0.14891791741071428
0 0.7666170634920635 0.234375 0.0882936507936507 0.2522321428571429
0 0.6346885865575397 0.3995067287946429 0.12640860466269843 0.19707893377976193
0 0.08643353174603174 0.16238839285714285 0.1728670634920635 0.3247767857142857
0 0.45386904761904756 0.9010416666666667 0.1433531746031746 0.07961309523809523
0 0.10658195696924604 0.4647621099330357 0.15499938764880952 0.23383969605654759
0 0.8275070813492064 0.3357062624627976 0.08848752033730167 0.31901261123511904
0 0.6350646888640873 0.30987241201636906 0.09403810788690481 0.18894125260416664
0 0.37103174603174605 0.8037709447544643 0.15625 0.10004739620535719
0 0.5962807549603175 0.11370220145089285 0.0863414945436507 0.2274044029017857
0 0.5840566416170635 0.6195983005952381 0.18737972371031741 0.13952363690476188
0 0.09875150297619047 0.6495190695684524 0.19568542658730156 0.40543694866071434
0 0.25050384226190475 0.27288681845238094 0.1505701061507936 0.12538673214285712
0 0.6142157347470238 0.8201628231026785 0.19634977405753973 0.18232133147321428
0 0.2487405200892857 0.08340750725446429 0.2312671964285715 0.15863049069940474
0 0.35339702083333335 0.6006620347842262 0.15550933878968248 0.19641592150297615
0 0.6732807242063492 0.042021360677083335 0.0762241468253968 0.08404272135416667
0 0.837961636780754 0.6261677725074405 0.20146177356150785 0.3870505896577381
0 0.5190732883184525 0.04020184095982143 0.052531497271825434 0.08040368191964287
0 0.19172530456349207 0.6923639276413691 0.10874589335317461 0.13437293787202387
0 0.9754464285714286 0.1361607142857143 0.04861111111111105 0.27157738095238093
0 0.6169129219990079 0.5053243926711309 0.10530054489087304 0.13595212388392852
0 0.30580357142857145 0.39694940476190477 0.13194444444444445 0.1339285714285714
0 0.7369128396577381 0.03664434523809524 0.030869330109126958 0.07328869047619048
0 0.024429563492063495 0.6554246156994047 0.048639470734126986 0.09416870089285712
0 0.06832837301587301 0.2743006476934524 0.13665674603174602 0.20214275223214287
0 0.6788098673115079 0.4985738550967262 0.12101259176587309 0.15454668787202375
