0 0.7228820269097223 0.4263657998511905 0.351543943204365 0.4180522648809524
0 0.9651623120039683 0.33372924962797623 0.06967537599206353 0.49168652752976194
0 0.2209026127232143 0.2583135392485119 0.08076009499007936 0.1769596201636905
0 0.053048297743055556 0.10213776729910713 0.06967537624007936 0.20427553459821426
0 0.1524148851686508 0.5320665083705357 0.14806017410714284 0.5059382421875
0 0.27751384734623014 0.8426365796130952 0.12747429935515872 0.3147268407738095
0 0.43072050917658733 0.7915676958705358 0.21536025843253964 0.41686460825892857
0 0.5344418113839285 0.7179334916294643 0.1583531396329365 0.4429928738839286
0 0.6971496437251985 0.6745843231026786 0.18289786235119043 0.2992874110863095
0 0.9513064133184523 0.9697149642857144 0.09738717336309521 0.060570071428571404
0 0.4679334904513889 0.3076009501488095 0.16627078149801583 0.37529691220238093
0 0.674980207093254 0.9703087886904762 0.057798893849206334 0.05938242261904758
0 0.4615993556547619 0.04334911439732143 0.04750591617063493 0.08669822879464285
