0 0.9296663798363095 0.0857514880952381 0.13859863268849204 0.1715029761904762
0 0.5902777777777778 0.4501299311755952 0.1398041498015874 0.1704246614583333
0 0.5227211221478174 0.3103597436755952 0.12183113318452377 0.1649503348214286
0 0.7827654294394841 0.2838471205357143 0.16339447445436506 0.18672107961309528
0 0.39060832663690476 0.843761402529762 0.13433567559523807 0.15279062648809516
0 0.27465389422123015 0.6971630718005952 0.13251278348214288 0.17694810863095234
0 0.39233625657242066 0.9466145833333333 0.0977679630456349 0.10677083333333337
0 0.6976686507936508 0.04445684523809524 0.13690476190476186 0.08891369047619048
0 0.583028169890873 0.6065474226190476 0.227918851686508 0.3395238936011904
0 0.8616423431299602 0.06634493452380952 0.13713327157738098 0.13268986904761904
0 0.2568185849454365 0.5107084577752976 0.14710317683531748 0.1996555896577381
0 0.4029017857142857 0.3898784423363095 0.17385912698412698 0.2626538296130952
0 0.06042679055059524 0.9331333511904762 0.12085358110119047 0.13373329761904762
0 0.08253512884424602 0.6908482142857143 0.0868891708829365 0.10983539880952375
0 0.06770833333333333 0.8253419609375 0.13541666666666666 0.17920857738095242
0 0.22661921937003965 0.9449404761904762 0.1274402810019841 0.11011904761904767
0 0.2478566648065476 0.6128589358258928 0.08848465302579364 0.1248088790922619
0 0.7046322958829365 0.12209305766369047 0.14595574900793662 0.17267893824404762
0 0.6418883113839287 0.2732124516369048 0.11612251364087312 0.13457100967261904
