0 0.5009847129252591 0.8132760613102974 0.17839218844585536 0.1855420386362594
0 0.41678816929073453 0.03529103296048183 0.16416157099998463 0.07058206592096367
0 0.4002594273071073 0.11397900683875972 0.2488838516942598 0.1094282018105162
0 0.934375 0.0837721329772135 0.13124999999999998 0.167544265954427
0 0.421237738559693 0.2134910201571068 0.5228983483565338 0.1269820403142136
0 0.685937 0.06094142148612826 0.20624999999999993 0.12188284297225652
0 0.804263789685509 0.575154938609794 0.1707227005688663 0.23364387721958801
0 0.740345528423894 0.4925474252501262 0.15142276429042323 0.2479674792265396
0 0.6041666666666666 0.551490514905149 0.1697154471544715 0.28184281842818426
0 0.915650406504065 0.2710027110356791 0.16869918699186992 0.2628726267091298
0 0.1488821138211382 0.32859078590785906 0.22865853658536583 0.13414634146341464
0 0.3643292682926829 0.8157181571815719 0.24288617886178862 0.21680216802168017
0 0.579776422983961 0.8136856368563685 0.2713414629751674 0.37262872628726285
0 0.2759146341463415 0.9796747967479675 0.10060975609756098 0.03794037940379413
0 0.1849593498760103 0.1056910569105691 0.06910569049188192 0.07317073170731707
