0 0.513108011904762 0.48376298418898805 0.18062921428571432 0.2007392816220238
0 0.789906564360119 0.5501102059151786 0.20276818129960317 0.16130522581845236
0 0.4998655207093254 0.926920129092262 0.256595730406746 0.1441100602678571
0 0.27978910540674606 0.6189252157738095 0.20536356200396827 0.2329877641369047
0 0.4171320159970238 0.3113839285714286 0.1771446981646826 0.2857142857142857
0 0.8687996031746031 0.38467261904761907 0.1329365079365079 0.12276785714285715
0 0.3213405502232143 0.7105246750372024 0.17484003745039683 0.19509405171130956
0 0.767025074032738 0.6889161218377977 0.18569191542658736 0.16726676748511904
0 0.5788024982638889 0.11458333333333334 0.22384341617063497 0.20461309523809523
0 0.4782168435019841 0.4115878874627976 0.13361990823412695 0.10814601302083332
0 0.38141996490575397 0.8525283513764881 0.3531835166170635 0.23258646465773813
0 0.5623193184523809 0.6295915033482142 0.1607050074404761 0.1666859241071429
0 0.6917520562996032 0.26244350613839285 0.15929776339285717 0.11573798772321428
0 0.8049325874255953 0.11216329613095238 0.09598799975198413 0.10832795535714286
0 0.8792162698412698 0.14866439490327382 0.134920634920635 0.18109382924107142
0 0.6485615079365079 0.8173363095238095 0.1686507936507936 0.0758928571428572
0 0.8595604812748016 0.02027529761904762 0.07477572445436498 0.04055059523809524
0 0.9554811507936508 0.4817939986979166 0.08903769841269837 0.20679890736607137
0 0.7080853174603174 0.4368831698288691 0.1795634920634921 0.11558181584821431
0 0.8956282808779762 0.06630619456845238 0.1161573554067461 0.13261238913690476
0 0.5867944026537698 0.7255460239955358 0.11257690054563496 0.055604380580357105
0 0.5125832912946429 0.3038279847470238 0.12427696850198405 0.10881078199404762
0 0.6189714104662698 0.2776171482514881 0.27549466369047615 0.20857435379464284
