0 0.6666716334604386 0.1679446808746051 0.04165673307912299 0.3358893617492102
0 0.5718089666348904 0.4666651938134967 0.055057399428026677 0.3774656085598514
0 0.9176596758817921 0.8493803622497617 0.15800762631077214 0.3012392755004767
0 0.6288131553860818 0.7778836987607245 0.08651096282173487 0.2650142993326978
0 0.32995710200190653 0.8965681601525262 0.11224976167778838 0.20686367969494757
0 0.44470924690181124 0.5938989513822688 0.05576739752144899 0.29361296472831266
0 0.4511439466158246 0.40371782650142995 0.08293612964728309 0.3879885605338418
0 0.5165633937082936 0.284556720686368 0.06363203050524302 0.5328884652049571
0 0.35319351763584367 0.2907530981887512 0.050047664442326 0.2173498570066731
0 0.40145376549094375 0.05052430886558627 0.09080076263107728 0.10104861773117255
0 0.6456148713060057 0.559580552907531 0.07864632983794095 0.29170638703527163
