0 0.6161311316964285 0.6246279761904763 0.10355122867063504 0.27083333333333337
0 0.6715304255952381 0.5513162494419643 0.06373354811507947 0.27906392968750005
0 0.5674704358878968 0.7149254484747023 0.09068316145833333 0.3055949445684524
0 0.47288226054067456 0.5732886904761905 0.11889885788690469 0.375
0 0.7263460679563492 0.8467801705729167 0.1807660803571428 0.3064396588541667
0 0.7760416666666667 0.6599702380952381 0.1438492063492064 0.24032738095238093
0 0.8782242063492063 0.48421546688988093 0.03273809523809523 0.19834164806547622
0 0.714076642485119 0.26368923642113096 0.19650645957341273 0.2337822414434524
0 0.5662242500000001 0.28237523139880955 0.12369597123015874 0.2941012239583334
0 0.8879328121279761 0.17726934523809523 0.06292405828373027 0.35453869047619047
0 0.48164682539682535 0.8723958333333333 0.08184523809523808 0.2455357142857143
0 0.8238530193452381 0.8437769549851191 0.1306468536706349 0.19940476190476186
0 0.37079246143353173 0.1726201088169643 0.15782540897817465 0.3452402176339286
0 0.5888787650049603 0.12170559058779762 0.0697623112599205 0.24341118117559524
0 0.7807539682539683 0.14006696428571427 0.12847222222222232 0.28013392857142855
0 0.4396100290178572 0.19791164657738095 0.047895952380952345 0.16741573437499996
0 0.5429324680059524 0.046850222470238095 0.03125 0.09370044494047619
0 0.9146607533482143 0.5814372133556547 0.03923008060515876 0.1529285576636904
0 0.9040178571428572 0.7113352989211309 0.0803571428571429 0.25367350186011905
0 0.4438198030753968 0.03200095033482143 0.09550033482142856 0.06400190066964286
0 0.7894345238095237 0.5494791666666666 0.08333333333333337 0.2217261904761904
0 0.8174603174603174 0.022879464285714284 0.04613095238095233 0.04575892857142857
0 0.3859126984126984 0.46558779761904756 0.07688492063492064 0.23028273809523808
0 0.9299819388640873 0.9618237550223214 0.060403303323412594 0.07635248995535715
0 0.8213250884176588 0.5303043212425596 0.08977754191468257 0.20772058668154758
