0 0.5878859857482185 0.38657957244655583 0.1749802058590657 0.20308788598574823
0 0.5217735550277118 0.1965558069511602 0.23752969121140144 0.2173396925109813
0 0.557403008709422 0.12707838479809977 0.16310372129849565 0.17577197149643706
0 0.8028503562945368 0.37945368171021376 0.14726840855106882 0.17220902612826605
0 0.9703087885985748 0.5356294536817102 0.05938242280285044 0.09263657957244642
0 0.9453681710213777 0.6015439429928742 0.10926365795724458 0.13182897862232779
0 0.8931116389548693 0.9121139975500823 0.21377672209026133 0.17339670798772178
0 0.9445764053840062 0.8509501187648456 0.10926365795724458 0.12470308788598572
0 0.953285827395091 0.7850356252782569 0.09342834520981802 0.10688835269428087
0 0.8052256532066507 0.6353919239904988 0.18368962787015053 0.21377672209026144
0 0.7399049881235154 0.6793349168646081 0.21931908155186053 0.308788598574822
0 0.6528107680126682 0.8628266033254157 0.20981789390340455 0.22209026128266018
0 0.4675376088677751 0.672209026128266 0.15439429928741089 0.17339667458432306
0 0.3784639746634996 0.7280285035629455 0.2723673792557403 0.2446555819477435
0 0.3163103721298496 0.8408551068883611 0.14647664291369758 0.17102137767220893
0 0.36539984164687256 0.7885985748218527 0.1781472684085511 0.18289786223277926
0 0.5653206892291538 0.9400237529691211 0.2058591140085846 0.11995249406175768
0 0.46318289786223277 0.47862232779097386 0.2375296912114015 0.21615201900237524
0 0.37054631828978624 0.32660332541567694 0.2280285035629454 0.20902612826603326
0 0.30760095011876487 0.5029691211401426 0.13064133016627083 0.13895486935866985
0 0.17973079968329375 0.35629453681710216 0.15518606492478226 0.19002375296912122
0 0.18527315914489312 0.49643705463182897 0.2929532858273951 0.26365795724465557
0 0.07125890736342042 0.34026127430948283 0.14251781472684083 0.13420429223614116
0 0.13182897862232779 0.04453681710213777 0.14806017418844022 0.08907363420427554
0 0.36421219319081555 0.17577197149643703 0.19952494061757725 0.2042755344418052
0 0.03167059695865002 0.4809976247030878 0.06175766264255737 0.07838479809976245
0 0.12232779097387175 0.6318289786223279 0.11163895486935867 0.14726840855106893
0 0.5760095011876485 0.847980997624703 0.06571654790182102 0.06888361045130631
