0 0.543360433531746 0.6696302739955358 0.31165311656746025 0.38804103608630947
0 0.7434507677331348 0.6626016259300596 0.4083107497519841 0.33604336049107136
0 0.744805781374008 0.5657181571800595 0.18157181572420633 0.2127371276041667
0 0.2899728998015873 0.3705962061011905 0.24751580853174604 0.2208672083333333
0 0.4647696476934524 0.27913279129464286 0.3640469739583334 0.25203252008928567
0 0.6373080396825397 0.15853658463541667 0.40560072271825404 0.21680216629464286
0 0.22357723573908728 0.46138211383928573 0.09304426364087301 0.0962059620535714
0 0.07813911470734128 0.2364498643973214 0.15627822941468256 0.39430894308035713
0 0.7981029810267857 0.9119241192336309 0.13459801264880944 0.130081300967262
0 0.8572719060019841 0.36585365848214285 0.2854561879960318 0.2845528452380953
0 0.9598012647569445 0.2635501356026786 0.07859078596230151 0.1476964765625
