0 0.4922346450892857 0.4675297014508929 0.17590974503968249 0.27928813355654764
0 0.5042992475198413 0.6114835132068452 0.14713918204365084 0.21866606510416664
0 0.7572262212301587 0.7025019469866071 0.32614711259920637 0.42188082998511905
0 0.36532572135416663 0.15307960416666666 0.20669759449404762 0.2994583459821428
0 0.2539232602926587 0.5236657265625 0.16466126016865076 0.3341278102678572
0 0.31617235032242064 0.5743175660342262 0.1585826411210317 0.29869847805059524
0 0.4379098418898809 0.6618664458705357 0.19598406076388875 0.2692175398065476
0 0.697525298983135 0.7045578891369049 0.1915343062996031 0.27104472544642866
0 0.7420453479662699 0.8680139440104166 0.12432230109126985 0.2386458597470239
0 0.6044222564484127 0.9526565526413691 0.07012899503968273 0.09468689471726188
0 0.4124032397073413 0.901948199032738 0.1311083410218254 0.1941101934523809
0 0.17990405381944444 0.24181869996279762 0.22196781646825398 0.3540883247767857
0 0.8493780896577381 0.6767305706845238 0.15646566840277787 0.2361177730654762
0 0.7966531083829365 0.07271409858630952 0.14321905902777787 0.09559298958333333
0 0.8846336693948413 0.08628492596726191 0.14777877579365073 0.17256985193452382
0 0.9501452642609127 0.10337716666666666 0.09751201760912698 0.10873136235119046
0 0.6689780499751985 0.03416029055059524 0.07476182911706342 0.04311493005952381
0 0.6716891968005951 0.8832156581101192 0.07926496552579365 0.150171421875
0 0.25659389694940477 0.19052004408482145 0.2107790558035714 0.2972112689732143
