0 0.23097903707837303 0.43377976190476186 0.1645300210813492 0.2938988095238095
0 0.3392857142857143 0.6000744047619048 0.1294642857142857 0.08630952380952372
0 0.5272909495287699 0.46980819698660714 0.16122872445436498 0.11321098697916665
0 0.14434523809523808 0.8303571428571428 0.16121031746031747 0.12127976190476197
0 0.7005664487847223 0.28435942596726194 0.21016067534722216 0.17809385193452382
0 0.039186507936507936 0.43340773809523814 0.07589285714285715 0.20238095238095238
0 0.21180555555555558 0.7284226190476191 0.15625000000000003 0.0870535714285714
0 0.8839285714285714 0.36681547619047616 0.1294642857142857 0.06919642857142855
0 0.4285714285714286 0.9136904761904763 0.16815476190476192 0.1584821428571429
0 0.9076140873015873 0.7643048629092262 0.18477182539682535 0.1135033694196429
0 0.38434834375 0.765339839657738 0.20262896825396826 0.12814991741071424
0 0.04935515873015873 0.6841517857142857 0.09821428571428571 0.125
0 0.9469672300347223 0.4156706752232143 0.10606553993055556 0.0584405714285714
0 0.974495847594246 0.3681078919270834 0.048358522569444395 0.045211906622023845
0 0.5689178586309523 0.3998792118675595 0.146180490079365 0.04488600930059522
0 0.7372833875248015 0.4550838441220238 0.16716168973214296 0.08409677604166665
