0 0.7123287671232876 0.8630136995464086 0.1589041095890411 0.2712328748797851
0 0.5703196347031964 0.8705479452054794 0.1452054794520548 0.2589041095890411
0 0.517351598173516 0.8993150684931506 0.10319634703196329 0.19863013698630116
0 0.46621004566210045 0.9547945205479451 0.0666666666666666 0.09041095890410966
0 0.3872146118721461 0.7006849315068493 0.0858447488584475 0.37671232876712335
0 0.5105022831050229 0.6102739726027397 0.1333333333333333 0.31369863013698635
0 0.42100456621004567 0.4301369863013699 0.052968036529680296 0.20273972602739732
0 0.46255707762557075 0.22808219178082192 0.057534246575342396 0.20958904109589044
0 0.515525114155251 0.2513698642163053 0.033789954337899386 0.21780822158329552
0 0.6014611872146118 0.31506849315068497 0.03543378995433788 0.11506849315068496
0 0.5625570776255708 0.03972602739726028 0.1187214611872146 0.07945205479452055
0 0.3264840182648402 0.1226027397260274 0.13972602739726026 0.2452054794520548
0 0.3602739726027397 0.2506849315068493 0.11050228310502275 0.3890410958904109
0 0.20958904109589038 0.6253424657534247 0.057534246575342424 0.31369863013698623
0 0.2703196347031963 0.5431506849315069 0.08767123287671236 0.30273972602739724
0 0.17899543378995436 0.9897260273972602 0.03105022831050233 0.020547945205479534
0 0.2191780821917808 0.9486301369863014 0.03835616438356165 0.10273972602739723
