0 0.4300684107029852 0.6277643001242315 0.06269706236982586 0.2889499758498405
0 0.463281 0.7929546885862779 0.0479861927710844 0.26562891343469797
0 0.1731676207826867 0.09278432318862061 0.25276308495927585 0.1187006335993073
0 0.3726280120481928 0.930208 0.0637801204819276 0.13958399999999993
0 0.4495481927710844 0.19578313253012045 0.13704819277108432 0.3353413654618473
0 0.34491774214615756 0.5170670331802525 0.07627774887805178 0.2794704977498991
0 0.3463855421686747 0.7590361445783131 0.06927710843373497 0.285140562248996
0 0.5338855421686748 0.9548192775391183 0.049698795180722954 0.09036144492176335
0 0.6679216867469879 0.8755020080321285 0.04367469879518071 0.24899598393574307
0 0.4246987951807229 0.4708835348133363 0.06927710843373491 0.2590361432247329
0 0.2972560975923661 0.9884823848238483 0.05589430888030833 0.02303523035230337
0 0.6946138211382114 0.38617886178861793 0.0782520325203252 0.11382113821138212
0 0.6417682926829269 0.4132791327913279 0.11077235772357719 0.22493224932249317
0 0.542174796653796 0.21951219512195122 0.06808943070596596 0.35772357723577236
0 0.5472560975609756 0.5989159891598916 0.06808943089430897 0.28726287262872635
0 0.6158536583796329 0.7025745257452576 0.06707317041780247 0.35094850948509493
0 0.7154471546598875 0.6321138211382114 0.07926829305961258 0.23983739837398377
0 0.7525406502495516 0.9112466124661246 0.08434959318203017 0.1775067750677508
0 0.5802845530966523 0.3150406510228577 0.03861788567661406 0.06368563562366114
