0 0.45682736507936506 0.450561939360119 0.16111383035714283 0.25086528050595236
0 0.6553148081597222 0.13720659709821428 0.08737615848214286 0.21259848363095235
0 0.38565335540674606 0.765822275483631 0.1598959052579365 0.2523130784970239
0 0.6050726624503968 0.46623004241071425 0.05875079761904767 0.20667681994047615
0 0.7058069848710318 0.6327935228794643 0.15318143005952378 0.24110938281249994
0 0.6885529193948412 0.4298452420014881 0.11164925694444439 0.2786319988839286
0 0.4142079159226191 0.9575892857142857 0.14583333333333331 0.0848214285714286
0 0.5709886790674603 0.8462507845982143 0.1273678799603175 0.2859210498511905
0 0.8534226190476191 0.2017435228794643 0.10019841269841268 0.2847570018601191
0 0.5326070101686508 0.10344173995535715 0.04995252083333335 0.19429131398809527
0 0.47150920126488094 0.7804390492931548 0.05180069518849212 0.2529458976934523
0 0.45696161297123017 0.1305305786830357 0.11236980233134924 0.22133445944940475
0 0.5535562591765872 0.28503892354910715 0.03845544345238083 0.14832813950892856
