0 0.7109375 0.433203 0.13437500000000013 0.27890600000000004
0 0.8135536459144014 0.5339323406898225 0.2228927081711971 0.32567668137964506
0 0.678906 0.38434917703726945 0.145312 0.2561983540745391
0 0.5053501082076534 0.7319418856987423 0.23706816678066917 0.46651159392180486
0 0.5320664929478911 0.7832541567695962 0.19794144007413056 0.4144893111638954
0 0.6243072050673001 0.827790973871734 0.17973079968329375 0.3444180522565321
0 0.5815518606492478 0.8046318289786224 0.17973079968329375 0.3907363420427552
0 0.5566112364867729 0.7850354081561655 0.1963578648975362 0.4299291836876692
0 0.27870151313508135 0.9786223403172485 0.08551071517721553 0.04275531936550303
0 0.37806809184481394 0.47921615201900236 0.2921615201900238 0.3646080760095012
0 0.46674586079114444 0.23693589203592197 0.12114029178411001 0.16745848240913608
0 0.19081550982612216 0.25950118764845603 0.2533649863980876 0.24346793349168647
0 0.21417260490894696 0.2980997624703088 0.227236737925574 0.24228028503562943
0 0.24228028503562943 0.3396674542568792 0.17735550277117965 0.18289785388192945
0 0.04513064133016626 0.5807600950118764 0.09026128266033252 0.24228028503562954
0 0.08709422011084719 0.7600950118764846 0.17418844022169439 0.3539192399049881
0 0.12193190596009353 0.8254156769596199 0.24386381192018705 0.34916864608076015
0 0.18368962787015042 0.8545130641330166 0.16627078384798097 0.2909738717339667
0 0.04394299287410926 0.05106888361045131 0.08788598574821851 0.07363420427553444
0 0.22367383426416199 0.05225653206650831 0.13539194594142465 0.10451306413301661
0 0.450910530482977 0.07066508313539192 0.178147268408551 0.14133016627078385
0 0.4809976159227176 0.1502375296912114 0.2889944839816494 0.3004750593824228
