0 0.6555286067708334 0.17091662258184523 0.047664356398809504 0.22055348325892857
0 0.5034722222222222 0.4066220238095238 0.08878968253968256 0.2544642857142857
0 0.3398279357638889 0.6423267271205357 0.12658047470238093 0.24219670944940486
0 0.2795252160218254 0.2586018563988095 0.11014170188492059 0.16517857142857145
0 0.6301892188740079 0.6732572085193452 0.20043505431547626 0.2386275122767858
0 0.4477255224454365 0.5011036927083333 0.17372296800595238 0.28969506770833325
0 0.1589781746031746 0.078125 0.14384920634920637 0.15550595238095238
0 0.24203328633432541 0.3139201322544643 0.09976279241071428 0.20102878311011907
0 0.725042550719246 0.4139830943080357 0.046811291914682474 0.15277872879464288
0 0.4393095135168651 0.814877335751488 0.1043134714781746 0.1557963381696429
0 0.6824822884424604 0.05359974646577381 0.03472222222222221 0.10719949293154762
0 0.5938178470982143 0.4735156873139881 0.12090077256944443 0.17601816480654758
0 0.4035218253968254 0.32220058333333335 0.06944444444444442 0.07886904761904762
0 0.5899375483630952 0.2088497970610119 0.07799496428571429 0.16909064546130953
0 0.5282241287202382 0.0918158048735119 0.09709083878968255 0.1836316097470238
0 0.5304545725446429 0.31637375223214287 0.10078294270833332 0.22792450074404766
0 0.7695353426339285 0.03660531436011905 0.0325380572916667 0.07207558035714286
0 0.7432252367311508 0.06679352678571429 0.027977464533730068 0.12397647395833333
0 0.7127917352430555 0.05141659988839287 0.0367337700892858 0.09386332552083335
