0 0.9125098970704671 0.27850357129621783 0.1749802058590657 0.3242280452052623
0 0.7327790973871735 0.5902612826603325 0.19556611243072053 0.22090261282660334
0 0.4346097368066921 0.5908549315205179 0.15532526114512718 0.11045165714898797
0 0.391132224861441 0.7173396674584324 0.19477434679334904 0.14251781472684089
0 0.04948535233570863 0.9352731424431938 0.09897070467141726 0.08907366760767421
0 0.29136975674774496 0.8634204400797186 0.3103721254593794 0.163895511988416
0 0.1789390340459224 0.82363419174926 0.15201900237529692 0.09619954999316638
0 0.3087885985748219 0.42280285035629456 0.08234362628661912 0.06888361045130653
0 0.06492478226444973 0.39667458432304037 0.12984956452889945 0.13776722090261284
0 0.048693586698337295 0.14073630863935666 0.09738717339667459 0.15795731146237932
0 0.9809976247030879 0.030285035629453685 0.03800475059382413 0.06057007125890737
0 0.836896280896597 0.0166270783847981 0.0934283408196327 0.0332541567695962
0 0.8768804499740346 0.043942992874109264 0.10213778039145782 0.08788598574821853
