0 0.3410553360736625 0.8165799483349804 0.27652107002516646 0.1520704527198904
0 0.7856828554234301 0.375 0.14426028915314004 0.09999999999999998
0 0.9597240896506276 0.0422933768761424 0.08055182069874467 0.0845867537522848
0 0.18952704016597433 0.6857283615380476 0.24077319758530125 0.14625280370452243
0 0.8492185 0.4806356249262497 0.21093699999999993 0.24460524985249943
0 0.8796584860743756 0.7489585000000001 0.23755902785124894 0.16458300000000003
0 0.23460976009982065 0.7695665458534026 0.29391464139748924 0.08018933359208691
0 0.090625 0.8775476967585458 0.18125 0.10509539351709174
0 0.532520325203252 0.6172086720867209 0.241869918699187 0.18021680216802172
0 0.711890243902439 0.30013550135501355 0.21036585365853655 0.19105691056910568
0 0.7921747967479675 0.1578590785907859 0.2022357723577236 0.15311653116531165
0 0.6341463402077954 0.6836043363235211 0.24593495683835487 0.1720867203068872
0 0.5391260162601627 0.49390243902439024 0.2754065040650407 0.21544715447154478
