0 0.5451306413690477 0.28919239899553567 0.30799683283730156 0.43349168638392854
0 0.2957244656498016 0.34144893117559527 0.25732383209325393 0.35035629464285717
0 0.5486935866815476 0.8497624702380953 0.2707838479662698 0.29809976264880955
0 0.7684085425347222 0.7078384799107142 0.16547903546626996 0.33254156770833343
0 0.8812350295138889 0.7256532066592262 0.21694403422619035 0.4703087883184524
0 0.8155456485615079 0.35361287034970235 0.21224727480158734 0.3877861357886905
0 0.8713380839533731 0.07779108240327381 0.14647664310515873 0.15558216480654763
0 0.9655581948164682 0.10688836104910715 0.06730007911706348 0.2137767220982143
0 0.6536025360863095 0.05997624702380952 0.18923198239087302 0.11995249404761904
0 0.06571654786706349 0.14251781473214287 0.129849564484127 0.28503562946428573
0 0.1979414093501984 0.14133016629464284 0.23119556622023812 0.2826603325892857
0 0.3171021377728175 0.7488123515625 0.31908155183531745 0.3931116391369047
0 0.0890736341765873 0.7179334918154763 0.1765637371031746 0.4097387172619048
