0 0.7393353174603174 0.4805370656622024 0.1339285714285714 0.17211039248511895
0 0.7926206470734127 0.4214955522693452 0.1607142857142858 0.12603215811011909
0 0.5115457378472222 0.49581816666666667 0.27528841319444447 0.23534086160714285
0 0.21123839087301588 0.164683609375 0.13168287152777772 0.09469253645833335
0 0.3642395634920635 0.5381361960565476 0.17578674603174604 0.07999263020833336
0 0.8171189113343253 0.3131729090401786 0.1756791803075396 0.31087634784226187
0 0.15374365910218252 0.3959065096726191 0.13501774677579362 0.17768102827380955
0 0.14990695349702382 0.5131060883556547 0.14276766245039685 0.10718935379464284
0 0.6879960317460317 0.18641558835565475 0.10863095238095233 0.1426067154017857
0 0.06060134387400794 0.11394457700892859 0.12053305977182541 0.16586054241071432
0 0.6235428079117064 0.2320774992559524 0.08218163169642856 0.10841372767857141
0 0.4010336599702381 0.18952693433779763 0.06964132341269835 0.07237550930059522
