0 0.06783234126984126 0.040364583333333336 0.13566468253968253 0.08072916666666667
0 0.45092287375992063 0.5383194596354166 0.2663090143849206 0.2976076223958334
0 0.3206980952380952 0.5650264596354166 0.1447984469246032 0.22768675111607134
0 0.9432043650793651 0.2425595238095238 0.11309523809523803 0.12723214285714285
0 0.691863599702381 0.7324903418898809 0.17617603224206346 0.20522626785714282
0 0.4072420634920635 0.0625 0.13541666666666663 0.12425595238095238
0 0.9085711679067461 0.7715364825148809 0.1827177326388888 0.17328129836309525
0 0.7569012548363095 0.20171459654017856 0.17402076364087304 0.20983769680059522
0 0.8154761904761905 0.36716054110863094 0.3427579365079365 0.1607682034970238
0 0.07720669816468254 0.20125988132440475 0.14657017609126982 0.1228899456845238
0 0.19975701264880952 0.35763181845238096 0.19951191220238096 0.21928864583333332
0 0.9416619990079365 0.9343192250744048 0.11505550198412695 0.12527999627976183
0 0.576313095858135 0.8185380370163691 0.11844420758928575 0.15736742745535715
0 0.5159089920634921 0.14807475241815476 0.21471625347222223 0.1988446536458333
0 0.3525174592013889 0.3728041994047619 0.14603343923611112 0.18687217708333337
0 0.24526562078373015 0.13869442447916666 0.1952853253968254 0.2773888489583333
0 0.5515120957341271 0.46611015066964284 0.14554726686507935 0.1707204680059523
0 0.4949821434771825 0.35275329259672616 0.16245512772817466 0.13683494754464287
0 0.7771087978670634 0.9658824864211308 0.0886818640873015 0.06823502715773822
0 0.9454094053819444 0.5334147959449405 0.10739863913690473 0.1451666752232143
0 0.701360919890873 0.630553968563988 0.06751622271825397 0.06978354873511916
0 0.6710844476686508 0.23930626897321428 0.1135019647817459 0.07187290178571434
