0 0.3562945368171021 0.36342042755344417 0.18368962787015047 0.16864608076009496
0 0.1840855304446693 0.1288599117627081 0.22565324616249774 0.16033243300665023
0 0.1021377694159952 0.19061756467087515 0.2042755388319904 0.14845608205967495
0 0.1021377672209026 0.3248218736087156 0.2042755344418052 0.18171017202247366
0 0.5253365003958828 0.5570071133644618 0.15914489311163893 0.09976249536133774
0 0.5245447347585115 0.6680522774091906 0.19873317498020587 0.08669837904640965
0 0.5281076581757567 0.8028503562945367 0.21536029726685524 0.1496437221648821
0 0.8836104513064134 0.7054631954241368 0.2327790973871734 0.17102135261966012
0 0.8036421219319082 0.503562945368171 0.23119556611243053 0.1448931116389549
0 0.8357086302454473 0.5712589073634204 0.20665083135391904 0.1448931116389548
0 0.6555819433532827 0.4614014251781473 0.1868566816392654 0.058194774346793376
0 0.7545526524148851 0.330166270783848 0.10134600158353113 0.0546318289786224
0 0.9481393419718072 0.2850356294536817 0.09422009328644843 0.05938242280285033
0 0.6448931116389549 0.20427553444180518 0.22882026920031673 0.10926365795724466
0 0.859857477795088 0.19299287410926366 0.21060966832114636 0.07244655581947745
