0 0.20069867886178863 0.5562189193004377 0.19143800813008133 0.09833272349262845
0 0.22826021515373174 0.6947915 0.22580993650251632 0.13958300000000012
0 0.6053654835342482 0.7296494498423477 0.23308869064573218 0.1459172346960167
0 0.6776470947063624 0.6043699193715729 0.20966410811191183 0.20562397312385783
0 0.5799120400879383 0.3936184148054133 0.23705191982412338 0.2670471252483929
0 0.583841463414634 0.5582655826558266 0.4034552845528455 0.3387533875338753
0 0.2240853658536585 0.3855013550135501 0.44613821138211374 0.1178861788617886
0 0.27184959349593496 0.8285907859078591 0.36280487804878053 0.13956639566395657
0 0.8576024785510009 0.4394661582459485 0.09795042897998085 0.08770257387988561
0 0.9422694798194196 0.35736734622340843 0.10427203876181357 0.1508515801937933
