0 0.9208234362599206 0.16864608072916668 0.15676959623015863 0.27790973883928577
0 0.7343626103670635 0.17161526450892856 0.2652414811507937 0.3432305290178571
0 0.4722882001488095 0.05581947749255952 0.2367379206349206 0.11163895498511904
0 0.9319081552579365 0.4916864607514881 0.13143309573412687 0.2612826603422619
0 0.9398258115079365 0.6989311037946428 0.12034837698412693 0.2102137514880953
0 0.9394299286954365 0.8693585989583333 0.12114014260912698 0.20190037946428574
0 0.8167062451636906 0.9174584322916666 0.28582740997023814 0.16508313541666675
0 0.4980205859375 0.81769588671875 0.20110847197420628 0.23396659561011912
0 0.6373713381696429 0.4940620457589286 0.4243863816964285 0.7030884620535715
0 0.3325415675843254 0.2927553361235119 0.3024544734623016 0.5855106722470238
0 0.254552652405754 0.7790973872767857 0.17181314310515874 0.14014251785714282
0 0.11599372953869047 0.34263657961309524 0.23198745907738094 0.6852731592261905
0 0.30047511197916665 0.6146082429315476 0.24623921850198413 0.26247064285714283
