0 0.30592201847718253 0.5478479724702381 0.17984487375992064 0.17679713541666664
0 0.725633660342262 0.37537202380952384 0.17319508804563488 0.12990130654761906
0 0.9312996031746031 0.05989583333333333 0.13690476190476186 0.0550595238095238
0 0.7063492063492063 0.5706845238095237 0.18998015873015872 0.1450892857142857
0 0.1169283621031746 0.9124865035342262 0.15984196726190478 0.17502699293154766
0 0.4663778153521826 0.8378834451264882 0.16285022544642863 0.16622508519345236
0 0.9642857142857142 0.1484375 0.07093253968253965 0.09821428571428571
0 0.8621279319196429 0.33312148530505953 0.10468745560515869 0.15950708593749996
0 0.38057970808531744 0.6450647163318453 0.08716089632936508 0.11091223400297623
0 0.3016409640376984 0.9440104166666667 0.11745219890873015 0.11197916666666663
0 0.5687948199404762 0.3533037077752976 0.11016864236111112 0.06839784412202382
0 0.5793036158234127 0.41925829836309525 0.14214378521825388 0.0744773236607143
0 0.8681502250744048 0.11112656324404761 0.12816682018849201 0.07519011235119047
0 0.8748479991319444 0.42324824739583333 0.13760857663690484 0.06634421726190481
0 0.7104542979910715 0.24934598177083334 0.10010940252976186 0.08745374032738096
0 0.09115312648809525 0.6885409793526787 0.134501501984127 0.11129242373511905
0 0.7111391046626984 0.15047763485863097 0.027284602182539697 0.040958409598214285
0 0.13282867981150795 0.9676089049479166 0.06679098065476191 0.0617691417410714
