0 0.2953125 0.12812485 0.17812500000000003 0.1229163
0 0.971094 0.11770815 0.05468800000000007 0.0687497
0 0.6 0.969792 0.0625 0.05625000000000002
0 0.5172208044579849 0.4774204042279163 0.2715933093622443 0.1548408084558326
0 0.482812 0.068750165 0.17500000000000004 0.12083367
0 0.2890625 0.4172700579873997 0.21562499999999998 0.13454011597479948
0 0.3338777089751294 0.7927470333702985 0.25819808963049395 0.20200593325940308
0 0.260156 0.7316229195867499 0.18281199999999997 0.1299118391734998
0 0.159375 0.353125 0.21875 0.07291600000000004
0 0.8671439625557842 0.3655669499445522 0.18210784190220053 0.11446789988910439
0 0.5403573110394367 0.30625 0.23071462207887355 0.07916600000000001
0 0.11348845423484752 0.8951259888765672 0.22697690846969504 0.1663577330376117
0 0.8356289583953159 0.24441847775313433 0.2960257170881484 0.12217095550626861
0 0.1689062745910886 0.26458349999999997 0.20031254918217714 0.095833
0 0.4765625 0.1428726580245474 0.24062500000000003 0.15241191604909485
0 0.4548686877542907 0.25112465546388457 0.21524200131591126 0.15176255559103669
0 0.5624355007110045 0.8304093567251463 0.07843137215900242 0.1940144478844169
0 0.9014447884416925 0.7100103199174407 0.17440660474716208 0.1375988992088064
0 0.978328173374613 0.6859305124981391 0.04334365325077405 0.09219126235437924
0 0.392156862745098 0.6921224627892542 0.1176470588235295 0.09907120696825711
0 0.7647058823529412 0.5166838665290677 0.16718266253869962 0.13071895424836594
0 0.8844169246646026 0.16374269121368856 0.18369453044375628 0.0467836234205761
0 0.7260061920804701 0.11214310268189581 0.2569659440124342 0.08118335018663303
0 0.8013415892672859 0.015135878912968697 0.3312693498452012 0.030271757825937395
0 0.1506707946661444 0.6178190572164988 0.3013415893322888 0.18438252424667512
0 0.20681097666003578 0.6687306512522472 0.2530447145166467 0.11833504904530012
0 0.048503611971104234 0.973340213682617 0.0846233230134159 0.053319572634766055
