0 0.6707083480902778 0.8228068962053572 0.14949912872023807 0.11694855803571425
0 0.7608476316964286 0.09911303906249999 0.06944444444444442 0.15327380952380953
0 0.6766034326636905 0.7445799458705357 0.09214092137896823 0.10704607031250002
0 0.434959349578373 0.5711382114955357 0.14001806671626982 0.24525745275297622
0 0.45573622408234127 0.5338753385416667 0.11291779588293654 0.1869918697916666
0 0.3112014453125 0.371273712797619 0.08401084002976189 0.16802168005952378
0 0.20906426066468253 0.15168522842261906 0.13794925148809523 0.23732094270833337
0 0.26919602529761905 0.06707317075892857 0.09936766021825394 0.13414634151785715
0 0.37353206870039685 0.2649051491815476 0.0894308943452381 0.28048780505952386
0 0.5428083909970238 0.06571815718005952 0.08150155580357143 0.13143631436011904
0 0.7050587172619047 0.3841463415178572 0.12375790426587308 0.15582655803571427
0 0.9512195121527778 0.38617886179315475 0.09756097569444444 0.19241192447916672
0 0.9448961155753968 0.6016260165550595 0.10659439930555548 0.17886178831845234
0 0.6840193704117064 0.19430992726934523 0.1307506054067461 0.19249394680059523
0 0.8111380145089285 0.28601694921875 0.12348668278769837 0.19067796614583332
