0 0.4148181990327381 0.04306856361607143 0.14164036631944443 0.08539307961309524
0 0.3125 0.8098958333333334 0.21577380952380953 0.37202380952380953
0 0.27232142857142855 0.5457861594122024 0.12549603174603172 0.15321934784226193
0 0.545995293030754 0.13556408537946427 0.12378322346230158 0.19607927269345238
0 0.6894755266617063 0.37090773809523814 0.1324576768353175 0.23511904761904762
0 0.01103670634920635 0.40848214285714285 0.0220734126984127 0.0691964285714286
0 0.5191274623015874 0.5370736011904762 0.3130781314484127 0.43357363541666666
0 0.6563680054563492 0.6658084449404762 0.14555441121031742 0.20494335714285705
0 0.917267421999008 0.7821833160342262 0.16065911433531743 0.22554067968750002
0 0.9372292466517858 0.5771745446428571 0.11133003645833328 0.13916275446428572
0 0.8805361144593253 0.9387229800967263 0.11054013120039674 0.12049430766369051
0 0.2400793650793651 0.3603135310639881 0.1656746031746032 0.1585263165922619
0 0.18915207688492064 0.13851699274553572 0.20665980109126983 0.27703398549107144
0 0.09715070374503969 0.8429454311755953 0.19430140749007938 0.299691068452381
