0 0.2625111634424603 0.7231424747023809 0.16388835119047615 0.10023594494047616
0 0.34133322259424603 0.5405862513020834 0.20091443229166664 0.26574695275297616
0 0.5928470159970238 0.64096892578125 0.2161084020337301 0.1303288552827382
0 0.6134990133928571 0.5417287023809524 0.2630179389880952 0.06549633482142858
0 0.47572068762400793 0.3831877433035714 0.18040994915674602 0.12236308482142855
0 0.47159028807043657 0.43197808742559524 0.23528525669642858 0.15046455282738103
0 0.2444920734126984 0.2838368843005952 0.19737408978174598 0.1781234776785714
0 0.5912343031994047 0.807350054501488 0.17151483854166671 0.14141455245535706
0 0.5334677160218254 0.9688449866071429 0.1656732738095239 0.06133643229166663
0 0.09493111049107143 0.5673887057291667 0.18907685491071427 0.09748354985119057
0 0.11741221106150795 0.46828533854166665 0.2340390560515873 0.15726953348214295
0 0.1144670886656746 0.4098246599702381 0.2289341773313492 0.15344087425595243
0 0.14048233606150792 0.32279629445684527 0.22795246974206346 0.16551587611607144
0 0.2789519092261905 0.20429184207589285 0.15393172817460316 0.13488660379464287
0 0.8670669942956348 0.6355223556547619 0.1721325843253968 0.09621714732142861
0 0.8663742007688492 0.6988653776041667 0.18125078050595245 0.1107463363095238
0 0.8572873219246031 0.7804545158110119 0.22830783184523817 0.09492543117559527
0 0.8931480403025793 0.848484408110119 0.21273032514880952 0.14871650892857136
0 0.4188703586309524 0.7617905446428572 0.0954384885912698 0.07228936681547615
0 0.010994123883928572 0.15198276804315475 0.021988247767857145 0.11266778087797621
0 0.6214342653769842 0.022358550595238096 0.09108643849206344 0.044087282738095236
0 0.5458786943204365 0.08612765643601192 0.03525926661706347 0.10423493340773811
0 0.05193037239583333 0.05855443024553571 0.10263162375992063 0.05348278683035714
