0 0.7997013816964285 0.5713854722842262 0.12835681448412706 0.23949713504464287
0 0.33209325396825395 0.19793028199404764 0.134309195436508 0.22696175446428574
0 0.738343253968254 0.5777529761904763 0.052579365079365115 0.1294642857142857
0 0.7529761904761905 0.28311011904761907 0.0848214285714286 0.26339285714285715
0 0.3170968939732143 0.03720238095238095 0.07318188318452384 0.07366071428571429
0 0.6395466252480158 0.5386199828869047 0.14486736656746035 0.19773431547619053
0 0.5355317828621032 0.5968074149925595 0.13593952405753967 0.18640576748511917
0 0.3772742876984127 0.3784757981770833 0.1778235496031746 0.18846549962797615
0 0.1781668382936508 0.2332646755952381 0.13662890476190476 0.12255406770833335
0 0.4400961209077381 0.1426364572172619 0.16340542385912699 0.2523171986607143
0 0.6796267496279762 0.08709175744047619 0.10471746999007936 0.17418351488095238
0 0.3162260239335317 0.46500777604166665 0.23639191294642856 0.3141524107142857
0 0.6313475896577381 0.29160186625744045 0.08100622048611117 0.1664074646577381
