0 0.6910569105691058 0.14634146341463414 0.046973803071364006 0.2926829268292683
0 0.6504065040650406 0.15582655826558264 0.04697380307136423 0.3116531165311653
0 0.6084010840108401 0.11382113821138211 0.03342366757000903 0.22764227642276422
0 0.5718157181571816 0.07655826558265581 0.03974706413730811 0.15311653116531163
0 0.5158084914182475 0.1727642276422764 0.043360433604336 0.3455284552845528
0 0.7104787714543812 0.55420054200542 0.08943089430894291 0.25474254742547436
0 0.8175248419150858 0.8415602009470868 0.1626016260162605 0.3172667433575884
0 0.7746160794941281 0.8292682926829268 0.17253839205058719 0.3414634146341464
0 0.6734417344173442 0.8042005420054199 0.15085817524841916 0.39159891598915975
0 0.6648599819331525 0.589430894308943 0.19150858175248398 0.6720867208672084
0 0.5975609756097562 0.6937669376693766 0.1400180668473353 0.5284552845528454
0 0.2443541102077687 0.8590785907859078 0.11653116531165317 0.28184281842818415
0 0.27009936766034326 0.749322493224932 0.16802168021680217 0.44986449864498623
0 0.3577235772357723 0.7161246612466123 0.17344173441734417 0.5108401084010838
0 0.5374887082204155 0.9159891598915988 0.10117434507678408 0.16531165311653084
0 0.5492321589882565 0.8191056892078495 0.09394760614272812 0.22899729299863592
0 0.41147244805781386 0.49864498661796086 0.13279132791327908 0.9268292686288757
0 0.43360433604336046 0.34688346883468824 0.08852755194218609 0.49051490514905133
0 0.470189701897019 0.25609756108767395 0.053297199638663084 0.5121951221753479
0 0.4132791327913279 0.014227642108326307 0.03703703703703698 0.028455284216652613
0 0.2895212285456188 0.20325203274445378 0.03884372177055101 0.40650406548890755
0 0.2321589882565492 0.31436314363143625 0.09575429087624204 0.39295392953929537
0 0.14679313459801266 0.19037940379403792 0.09485094850948507 0.38075880758807584
0 0.08988256549232158 0.1659891598915989 0.08762420957542907 0.3130081300813008
0 0.1720867208672087 0.6266937669376693 0.033423667570009086 0.050135501355013656
