0 0.42132986470734124 0.9416353610491072 0.04690940104166669 0.11672927790178567
0 0.4347718253968254 0.4464285714285714 0.03968253968253965 0.25669642857142855
0 0.3919774358878968 0.6011280126488096 0.08688046006944444 0.3137137678571429
0 0.7949571772073413 0.9464285714285714 0.05683003596230152 0.1071428571428571
0 0.5138311850198413 0.9378720238095238 0.05196792559523811 0.12425595238095233
0 0.5411706349206349 0.2388392857142857 0.042162698412698374 0.13913690476190474
0 0.48288690476190477 0.7157738095238095 0.04365079365079366 0.21354166666666674
0 0.8288690476190477 0.9473155318080357 0.04613095238095244 0.10519653980654764
0 0.5582837301587302 0.10360863095238096 0.09623015873015872 0.20721726190476192
0 0.44112598697916666 0.8985581873139881 0.0432543767361111 0.14109165811011892
0 0.5753544407242064 0.8918641529017857 0.07551837549603169 0.21421234300595227
0 0.36628904910714283 0.17868175018601193 0.06247854464285718 0.2708547466517857
0 0.40920013740079364 0.19618950595238097 0.05492619295634915 0.2337796294642857
0 0.6158644937996032 0.44335736346726196 0.12906744196428577 0.23171987648809528
0 0.714384380828373 0.7518022656250001 0.15722505927579367 0.34603501562499994
0 0.6278750429067461 0.6925849780505953 0.041881222222222125 0.11225537872023805
0 0.6707861312003969 0.9691040165550595 0.03432887053571421 0.06179196688988087
0 0.7267414893353175 0.9598351826636906 0.02952329613095228 0.07826990252976185
0 0.7631318442460318 0.9721935159970239 0.039129539186507856 0.05561296800595239
0 0.5252318366815476 0.6374871266741071 0.08650898735119056 0.36457260528273816
0 0.47030809672619045 0.1811435660342262 0.07551837549603174 0.3462607570684524
