0 0.947656 0.3450030537522848 0.104688 0.0625
0 0.5143353699500897 0.9583335 0.04320326009982062 0.08333299999999999
0 0.6491803901497311 0.12880147930811794 0.13962094189659247 0.2576029586162359
0 0.43492575891108826 0.8123429522301668 0.14452856297638872 0.3576120657171882
0 0.28572469813766666 0.857557209788953 0.20224207807210504 0.2813745808347605
0 0.5904471544087637 0.9722222222222222 0.03861788617886186 0.05555555555555558
0 0.6310975609756098 0.647018970189702 0.06910569105691056 0.37262872628726307
0 0.3823057965729799 0.46074802602475706 0.14939024390243905 0.3008130081300812
0 0.4192073170731707 0.72289972899729 0.08028455284552843 0.18292682926829273
0 0.5264227642276423 0.22222222222222224 0.1504065040650407 0.2953929539295393
0 0.4720528454970647 0.8705962059620596 0.12703252038798424 0.2588075880758808
0 0.5503048780487805 0.5386178857306045 0.10467479674796748 0.4295392944964394
0 0.6280487806761478 0.9498644986449865 0.040650406127379135 0.10027100271002709
0 0.9334349593495934 0.3855013547333894 0.13313008130081305 0.07723577179740221
0 0.8793976385141564 0.6144986450424821 0.24120472297168705 0.4051490516025792
