0 0.1342042755456349 0.17280285026041667 0.04829770386904761 0.3432304036458333
0 0.17022958630952378 0.07957247154017857 0.04592247321428569 0.15914494308035715
0 0.19319081063988092 0.3194774263392857 0.04908947941468253 0.2921615372023809
0 0.21140142522321428 0.6918052256324405 0.1076801267361111 0.28384798102678566
0 0.24623910342261907 0.535035617001488 0.04592243650793651 0.26722094456845247
0 0.2335708556547619 0.3010688751860119 0.038004765376984107 0.12470310453869049
0 0.22446555815972222 0.07125890736607143 0.04196357862103173 0.14251781473214287
0 0.12603747172619048 0.6421048902529762 0.03562954166666667 0.2149643288690476
0 0.13974663492063494 0.8836104512648809 0.04354711011904763 0.23040380059523824
0 0.14014253249007935 0.5730403800223214 0.03483771726190475 0.11282660305059522
0 0.1832937302827381 0.9198337291666667 0.05146479588293651 0.16033254166666666
0 0.4588281868799603 0.5926365796130952 0.11638954885912695 0.23752969122023815
0 0.28068087437996037 0.6543942992931548 0.032462479414682555 0.1543942994791666
0 0.5277117972470238 0.9055819477306548 0.16231195560515876 0.18646080766369055
0 0.5910530421626984 0.370546318266369 0.1338084047619048 0.34441805245535717
0 0.6072842439236111 0.17636590011160713 0.07442596999007933 0.21971517299107143
0 0.6654790182291667 0.029097387090773807 0.03562945362103176 0.058194774181547615
0 0.7098178939732143 0.10332541573660714 0.05779889161706353 0.20665083147321428
0 0.6706254949156747 0.34976240345982146 0.0443388757440476 0.21021391034226194
0 0.6615201899801587 0.6502374962797619 0.040380047619047676 0.22209032812499996
0 0.6876484339037698 0.7137767345610118 0.03562949776785718 0.10926363281249996
0 0.7367379255952381 0.6965558195684524 0.046714172619047645 0.16983372916666672
0 0.7153602533482142 0.45249406175595236 0.054631829117063435 0.19714964360119047
0 0.8194773869047619 0.5783847981770833 0.11559787847222225 0.266033254092262
0 0.8285827406994047 0.18230403794642858 0.1638954893353175 0.3622327790178571
0 0.7003167062251985 0.9127078385416667 0.0609659541170634 0.1199524940476191
0 0.9267616785714285 0.9245843231026786 0.11955661111111127 0.15083135379464285
