0 0.4853670634920635 0.25592289713541666 0.06746031746031744 0.13770777715773808
0 0.4055935690724206 0.3922560079985119 0.0979580458829365 0.18349393638392858
0 0.22296626984126985 0.5446428571428571 0.10119047619047622 0.20014880952380948
0 0.736359126984127 0.7429315476190477 0.10218253968253976 0.20386904761904756
0 0.5282910100446429 0.7916394360119048 0.13148281374007925 0.22000222544642856
0 0.7430727560763888 0.32596543991815474 0.07493519469246024 0.13824769159226186
0 0.6585570472470238 0.29552981752232144 0.035864094494047594 0.17960130171130959
0 0.7229662698412698 0.5215773809523809 0.09623015873015872 0.16294642857142855
0 0.5480948277529762 0.2785596350446429 0.07486029042658726 0.14588779464285717
0 0.9627976190476191 0.44680059523809523 0.062003968253968256 0.15922619047619047
0 0.9504950324900794 0.6895597462797619 0.07508500347222213 0.24902008258928565
0 0.055648213541666665 0.21159084356398808 0.11042976339285714 0.1813662109375
0 0.9076553381696428 0.9232749882812499 0.11259869568452374 0.14521115066964285
0 0.4503936138392857 0.31462415866815474 0.02883391517857148 0.054583024181547646
0 0.35461723313492066 0.702883625186012 0.11053896329365082 0.1802265703125
0 0.5454857534722222 0.41967044289434524 0.17782354960317454 0.19464469605654766
0 0.3285272914186508 0.2662203913690476 0.06659800892857137 0.10607620982142854
0 0.3082723232886905 0.4155509430803571 0.11946260044642856 0.16992797991071423
0 0.13420468030753968 0.5556127702752977 0.12422810416666667 0.1802265703125001
0 0.8856848609871032 0.5633367661830357 0.06865774131944447 0.19361482998511909
0 0.8218331617063492 0.39237899069940474 0.06591143154761903 0.13800205952380956
0 0.8173704084821429 0.5437693098958334 0.07483693799603175 0.13594232738095247
0 0.0401647785218254 0.07981462406994047 0.0803295570436508 0.15962924813988094
