0 0.9461289538690476 0.32905505952380953 0.10774209226190468 0.23319545535714287
0 0.4286615798611111 0.2683720794270833 0.19631707093253964 0.1877858255208333
0 0.7569444444444444 0.5725446428571428 0.15823412698412698 0.06398809523809523
0 0.8757440476190477 0.6878720238095238 0.24305555555555547 0.1160714285714286
0 0.5443948412698413 0.7131696428571428 0.1547619047619047 0.14136904761904756
0 0.6195436507936508 0.6309523809523809 0.15128968253968256 0.12872023809523814
0 0.5452567946428571 0.46130952380952384 0.15549374801587307 0.20014880952380953
0 0.5533234126984128 0.17101527046130954 0.10119047619047616 0.06003649330357144
0 0.31374007936507936 0.3411458333333333 0.09623015873015872 0.0892857142857143
0 0.35881100223214285 0.642657515625 0.20003007787698412 0.23122641294642854
0 0.7518166312003969 0.9257639382440477 0.11262882837301591 0.1192929114583332
0 0.48849982824900795 0.8002059732142857 0.11740473735119045 0.17095777529761913
0 0.9297974596974207 0.5144181255580358 0.14040508060515866 0.09371781659226197
0 0.934088568452381 0.9515962925967263 0.129763130952381 0.09474768266369049
0 0.7239940115327381 0.9685890623139881 0.14623024181547617 0.06282187537202388
0 0.7710283022073412 0.22605684765625 0.16340542385912704 0.11019580171130952
0 0.9440439409722223 0.11380020591517856 0.11122554067460311 0.22760041183035712
