0 0.7523397292580414 0.982422 0.1640705414839171 0.035155999999999965
0 0.8739837398373983 0.1727642276422764 0.23215898825654913 0.15040650406504058
0 0.9787714543812105 0.22425474249139327 0.042457091237579125 0.050135501467077875
0 0.957542908762421 0.30013550073865986 0.08491418247515814 0.09349593372664222
0 0.940379403794038 0.40921409214092136 0.1192411924119241 0.12737127371273715
0 0.9182475158084913 0.7425474265388655 0.1635049683830173 0.12466124448324423
0 0.986449864498645 0.9430894308943087 0.027100271002710064 0.08401084010840121
0 0.879855465221319 0.6727642276422763 0.24209575429087615 0.11246612466124661
0 0.8197831978319783 0.6199186991869918 0.2267389340560073 0.10704607046070469
0 0.6513098464317976 0.7926829268292682 0.36314363143631434 0.2222222222222221
0 0.34823848238482386 0.9139566396784597 0.21770551038843725 0.16937669354280904
0 0.26196928635953026 0.8191056914491356 0.1897018970189702 0.20731707395518173
0 0.18383017163504967 0.937669378206635 0.09665763324299911 0.12466124358672948
0 0.38888888888888884 0.5880758807588076 0.22131887985546522 0.2439024390243903
0 0.26784101174345076 0.7025745272581255 0.03523035230352306 0.05826557963009016
0 0.464769647696477 0.32723577235772355 0.18157181571815723 0.16666666666666666
0 0.6458897922312556 0.43360433604336035 0.2637759710930444 0.1598915989159892
0 0.7448057813911473 0.5196476963649004 0.08581752484191496 0.09078590763495009
0 0.5036133694670281 0.6429539295392952 0.1996386630532973 0.19376693766937658
0 0.8143631436314364 0.10027100271002706 0.21409214092140916 0.18428184281842813
0 0.7068654019873533 0.031842818428184275 0.11653116531165297 0.06097560975609755
0 0.6341463414634148 0.3021680216241846 0.2222222222222222 0.19783197820771883
0 0.480126467931346 0.1619241189610316 0.1562782294489612 0.15040650462536218
0 0.13730803974706413 0.5284552845528454 0.2728093947606143 0.3821138211382113
0 0.06820234869015356 0.7012195121951219 0.13459801264679314 0.2642276422764229
0 0.13053297199638664 0.7222222222222221 0.2610659439927733 0.34959349593495925
0 0.08130081300813008 0.9424119237830482 0.07768744354110206 0.1124661239888608
0 0.07226738934056007 0.893631436314363 0.08491418247515807 0.1260162601626016
