0 0.11401425173611111 0.7214964369419643 0.22644497222222223 0.28859857477678563
0 0.287410841889881 0.5742280827752977 0.17577214062499996 0.18646091629464295
0 0.2600949874751984 0.5207839732142857 0.15597790401785713 0.13420452604166666
0 0.41488513144841266 0.40142521986607144 0.1852732643849206 0.1662708675595238
0 0.5882817963789683 0.3105702047991072 0.20110860168650785 0.1342045427827381
0 0.5281076801835317 0.261282685453869 0.13618368973214284 0.10451311421130954
0 0.750989706969246 0.2173396674107143 0.09580364211309522 0.08551068898809525
0 0.6381630840773809 0.21555829501488094 0.10134604067460329 0.10095031919642858
0 0.8202692002728175 0.12648456063988095 0.23277909747023817 0.10807600967261904
0 0.36421219320436504 0.6686460807291668 0.140934283234127 0.16152018973214288
0 0.8836104513888889 0.3064133017113095 0.15518606498015874 0.19002375297619042
0 0.7470308788442461 0.9008313539806548 0.1385589863591269 0.15083135379464285
0 0.9275534441964286 0.827791019717262 0.1448931116071429 0.15676965476190474
0 0.8523356975446428 0.8248218526785716 0.045130619295635 0.06294536830357134
0 0.7129849564732142 0.4750593824404762 0.12430720510912707 0.13776722098214284
0 0.08115597544642858 0.9423990498511905 0.07680127182539682 0.11520190029761901
