0 0.08675645200892856 0.6268034045758929 0.16904861830357143 0.08195866703869048
0 0.6473214285714286 0.28273809523809523 0.11656746031746035 0.16294642857142858
0 0.8315364673859127 0.5380893413318452 0.13686425868055552 0.27117362016369045
0 0.20991611123511905 0.5367146752232143 0.18904984846230155 0.08756625520833333
0 0.3618551587301587 0.7805604140625 0.10317460317460314 0.05877976190476186
0 0.6346351669146826 0.3777765632440476 0.10126538045634914 0.06513139732142859
0 0.3968934718501984 0.31547619047619047 0.1541297229662698 0.20610119047619047
0 0.4898688014632937 0.7425595238095238 0.09031828100198408 0.07217261904761907
0 0.3058035714285714 0.48271450818452377 0.11507936507936506 0.07629211160714283
0 0.5225694444444444 0.29873511904761907 0.09523809523809529 0.11160714285714285
0 0.06274801587301587 0.7168898809523809 0.12003968253968253 0.0625
0 0.8705357142857142 0.32254464285714285 0.13144841269841268 0.07291666666666663
0 0.785218253968254 0.4084821428571429 0.10664682539682535 0.06324404761904762
0 0.04265873015873015 0.05955104036458333 0.0818452380952381 0.10347708072916666
0 0.035590277777777776 0.21130952380952378 0.07118055555555555 0.16592261904761904
0 0.05592757936507937 0.5398518997395834 0.11185515873015874 0.07580215290178571
0 0.6186062477678571 0.47116367466517856 0.08788190873015866 0.13697234188988083
0 0.01304497085813492 0.45211122563244044 0.02608994171626984 0.03913491257440466
0 0.19292825260416668 0.1570545827752976 0.13731548239087302 0.14315139025297619
0 0.33539435044642857 0.5556126997767857 0.11053639335317456 0.07929983184523803
0 0.31549143191964285 0.644696189546131 0.180551636656746 0.107106076264881
0 0.2670770944940476 0.7188465498511905 0.14143190972222225 0.1338825952380951
0 0.5626507729414683 0.6436663197544643 0.06385286731150797 0.047373834449404795
0 0.6333676623263889 0.6292481977306548 0.061105389632936435 0.04737384114583332
