0 0.47173227408383567 0.2748975844847898 0.24227238955150554 0.1873825512937425
0 0.23703089670581468 0.4330776602522348 0.1741332799901446 0.13546703924699144
0 0.20972117422288827 0.5360975044700067 0.14114529837710477 0.09004096620608415
0 0.37628344203954833 0.6143763624779988 0.17791878607688688 0.14114529837710477
0 0.4065674907334865 0.7563328407308341 0.21469227377666905 0.13303349961979982
0 0.7213835947071626 0.7679547573745581 0.2924089174663016 0.22279408271714796
0 0.6923732002825282 0.6153622203938635 0.20874362135464541 0.2267810091242679
0 0.5679922860038534 0.48702112198831227 0.17305170682250387 0.137900578874183
0 0.7575379836328775 0.4063087243531287 0.1941423835914966 0.22307446582588408
0 0.5479831824025014 0.3438478739218812 0.14709395079912824 0.1111316429750766
0 0.5761041807149354 0.3969801557822282 0.15142043537724492 0.09896394483911952
0 0.7521301072997295 0.6744036732820546 0.08922976534046445 0.09085214608181469
0 0.9213559352922892 0.4646994936013328 0.15728812941542158 0.2750183414814174
0 0.717735550277118 0.160332541567696 0.28107680126682477 0.320665083135392
0 0.8337292161520191 0.07007125890736342 0.14251781472684077 0.14014251781472684
0 0.9623911322248614 0.15439423248061357 0.07680126682501975 0.15914502672523367
0 0.0764053840063341 0.7577197149643706 0.1528107680126682 0.08551068883610435
0 0.052652414885193975 0.8527315997997807 0.10530482977038795 0.06413303332877773
0 0.07878068091844814 0.9631829145639321 0.07521773555027711 0.049881268557792846
0 0.011480610522254707 0.41270772991876425 0.022961221044509414 0.055819260312587826
0 0.34520980911353305 0.984560570071259 0.15518608248552296 0.030878859857482066
0 0.5577988915281076 0.9346792848117667 0.24940617577197155 0.128266133464353
0 0.5106888361045131 0.844417876888689 0.10926365795724463 0.08076044574756258
0 0.32185273817672666 0.9156769596199525 0.1670625363147969 0.10688836104513078
0 0.13974662841076343 0.9792161520190024 0.10213778039145809 0.04156769596199528
