0 0.5144426148313492 0.6182028816964286 0.15648828472222226 0.1946663139880953
0 0.3370535714285714 0.15773809523809523 0.15972222222222227 0.0825892857142857
0 0.5838293650793651 0.9029017857142857 0.10565476190476197 0.1875
0 0.448629990203373 0.36015261086309525 0.12217367584325389 0.12729926934523816
0 0.054811507936507936 0.06696428571428571 0.09920634920634921 0.1331845238095238
0 0.3836805555555556 0.8978794642857143 0.16269841269841273 0.2042410714285714
0 0.14831349206349206 0.22395833333333334 0.13839285714285715 0.11681547619047622
0 0.26512896825396826 0.43553636328125 0.1527777777777778 0.2055641781994047
0 0.7495039682539683 0.6294642857142857 0.14136904761904767 0.21354166666666674
0 0.29910714285714285 0.6595982142857143 0.1294642857142857 0.21577380952380953
0 0.5513392857142857 0.32142857142857145 0.11607142857142855 0.14657738095238096
0 0.6454121305803572 0.6780715396205357 0.11301192336309529 0.17418351450892855
0 0.7812337998511905 0.9424572317708333 0.1461897356150792 0.1150855364583333
0 0.6485164094742064 0.88880248828125 0.12336770734126978 0.19751166406249998
0 0.4100626314484127 0.7791601865699405 0.11092709573412701 0.17729393489583334
0 0.4712286159474206 0.4712284388020833 0.1835147745535714 0.16485275111607134
0 0.6272680145089286 0.4502332814360119 0.09123898387896823 0.09486780691964292
0 0.2820092687251984 0.7200622085193453 0.09330832514880955 0.13685847581845245
0 0.33593015600198417 0.34836702957589283 0.08708214533730158 0.11197511644345243
0 0.9206842922867063 0.8895800933779761 0.15552099528769836 0.21772939360119048
