0 0.5942358746559385 0.8520567955397554 0.10223136420468593 0.2958864089204891
0 0.8686708860759493 0.7390998593530239 0.2626582278481012 0.26582278481012667
0 0.6682489451476794 0.9367088607594937 0.09810126582278478 0.11533052039381153
0 0.5216244725738397 0.6666666666666667 0.0770042194092827 0.2953586497890296
0 0.41719409282700415 0.8755274261603376 0.06645569620253172 0.22644163150492258
0 0.4572784811145302 0.910689170182841 0.07278480992283848 0.17862165963431798
0 0.5073839664484696 0.9718706047819972 0.06540084347436875 0.05625879043600568
0 0.3575949367088608 0.8115330520393811 0.08649789029535865 0.25035161744022505
0 0.41877637127405953 0.5288326300984528 0.04008438825356869 0.16033755274261602
0 0.36181434599156115 0.5421940928270041 0.0780590717299578 0.26582278481012656
0 0.48259493664094616 0.17018284106891698 0.09177215189873411 0.34036568213783397
0 0.3834388184974862 0.1729957805907173 0.10443037961100604 0.3459915611814346
0 0.42194092827004226 0.32067510548523204 0.07172995780590713 0.14064697609001403
0 0.2684599157476436 0.9409282700421941 0.07278481012658228 0.11814345991561181
0 0.46782700421940926 0.6652601969057665 0.04957805907173002 0.12376933895921238
