0 0.0648561507936508 0.3348214285714286 0.1297123015873016 0.16741071428571425
0 0.7862103174603174 0.24441964285714285 0.13541666666666674 0.09970238095238093
0 0.9616066144593254 0.6006324404761905 0.07629073933531738 0.16034226190476186
0 0.5949900793650793 0.20014880952380953 0.16765873015873012 0.078125
0 0.9650297619047619 0.07389282924107143 0.06994047619047616 0.1130952380952381
0 0.7712851560019842 0.08745633072916667 0.07886904761904756 0.1049107142857143
0 0.5702436495535714 0.8351477449776785 0.1990668740079365 0.13685847581845245
0 0.25142560912698414 0.7457231726190476 0.22498703968253975 0.13219284598214287
0 0.043027475322420634 0.0684292379092262 0.08605495064484127 0.1368584758184524
0 0.29393468117559524 0.2752721616443452 0.1275272160218254 0.09953343712797619
0 0.423017107390873 0.2395023800223214 0.3048211507936508 0.26438578683035713
0 0.8797304301835317 0.06531881789434524 0.09020217733134928 0.12752721614583334
0 0.795231757564484 0.7838258164062499 0.15551885937499998 0.1275272161458333
0 0.6931052358630952 0.404354587797619 0.19180922767857145 0.15552099553571425
0 0.5173665111607143 0.5311041990327381 0.23017107291666666 0.10730948660714285
0 0.3970974754464286 0.031104199032738096 0.07464900992063489 0.06220839806547619
0 0.5235873509424603 0.06920684281994048 0.14722654216269843 0.11041990662202382
0 0.5106363461061508 0.02332824962797619 0.10262570064484128 0.04665649925595238
