0 0.565625 0.705383600321138 0.08124999999999993 0.24201720064227594
0 0.6547945205479453 0.6438356164383562 0.1442922374429224 0.3726027397260275
0 0.7634703196347032 0.8945205479452054 0.11324200913242011 0.21095890410958906
0 0.6977168949771689 0.9643835616438355 0.03287671232876721 0.07123287671232892
0 0.6438356164383562 0.926027397260274 0.0675799086757991 0.1479452054794519
0 0.5488584474885846 0.8253424657534247 0.11872146118721477 0.34931506849315064
0 0.5100456621004565 0.4328767123287671 0.09406392694063931 0.1561643835616438
0 0.48584474885844753 0.22328767123287674 0.16986301369863016 0.2520547945205479
0 0.4780821917808219 0.7958904107298361 0.09589041095890405 0.2684931502267959
0 0.4237442922374429 0.4869863013698631 0.1643835616438356 0.3520547945205481
0 0.32465753424657534 0.4321917804783159 0.20365296803652963 0.3191780819627129
0 0.28493150684931506 0.7267123287671233 0.1808219178082191 0.3164383561643834
0 0.36849315068493155 0.9636986301369863 0.06484018264840175 0.07260273972602727
0 0.23470319634703196 0.9863013698630138 0.05296803652968038 0.02739726027397249
0 0.15296803652968036 0.7815068493150685 0.0757990867579909 0.11095890410958897
0 0.10456621004566209 0.510958904109589 0.21095890410958903 0.29315068493150676
0 0.11004566210045663 0.3253424657534247 0.20182648401826486 0.31095890410958904
0 0.07853881278538813 0.13561643847069835 0.15707762557077626 0.16438356141476768
0 0.29817351598173514 0.12328767123287669 0.17990867579908673 0.24657534246575338
