0 0.3634319750744048 0.14612520535714285 0.13881629885912694 0.2922504107142857
0 0.3037910967261905 0.07804726246279763 0.09722222222222221 0.15609452492559525
0 0.08358134920634921 0.8783482142857143 0.03769841269841269 0.2276785714285714
0 0.2115575396825397 0.029947916666666668 0.10218253968253968 0.059895833333333336
0 0.1388888888888889 0.8035714285714286 0.046130952380952384 0.13467261904761907
0 0.4583333333333333 0.023623511904761904 0.03621031746031744 0.04724702380952381
0 0.7339656729910714 0.16734417336309523 0.12195121949404752 0.33468834672619047
0 0.5835591690228175 0.10636856361607143 0.05781391145833337 0.21273712723214286
0 0.595754290922619 0.49932249107142856 0.2177055104166667 0.21544715029761902
0 0.5532971996527778 0.6775067749255952 0.11472448065476198 0.15447154464285717
0 0.45799457998511905 0.7689701897321428 0.12104787723214289 0.2127371272321429
0 0.42818428187003965 0.599593495907738 0.14814814806547622 0.2235772358630953
0 0.5293586268601191 0.4024390243675595 0.1047877145337302 0.18970189694940476
0 0.2994579946676587 0.780487804873512 0.11291779588293646 0.20054200558035717
0 0.2240289069940476 0.69647696484375 0.05239385714285713 0.18428184263392855
0 0.03164880047123016 0.5620214395461309 0.061255742807539676 0.19908116406250004
0 0.11791730481150794 0.6332312405133929 0.11944869841269845 0.18529862165178568
0 0.2649292750496032 0.3652372284226191 0.13986365476190477 0.2557430007440476
0 0.0882936507936508 0.2622767857142857 0.13541666666666666 0.19791666666666669
0 0.1643641396329365 0.15620214397321427 0.19804936160714282 0.19295558928571427
