0 0.9109023277483626 0.3951743867183906 0.1242593096680703 0.1349287196844965
0 0.9661738351254481 0.5880758807588076 0.06765232974910385 0.12737127371273715
0 0.6000882701479344 0.7425474254742548 0.11370093539645076 0.18157181571815728
0 0.5621879583491176 0.5941734417344173 0.13896780992899538 0.12059620596205956
0 0.7276859865372848 0.4383468834128025 0.1364411224757407 0.1287262871508082
0 0.8249634534875815 0.4410569105691057 0.10864756048994173 0.11788617886178865
0 0.735266048897048 0.30284552845528456 0.12128099775621415 0.08536585365853655
0 0.7403194238035571 0.22831978319783197 0.19708162135384788 0.12330623306233068
0 0.5672413332556264 0.10027100271002709 0.16423468446154005 0.07317073170731707
0 0.5356577400899457 0.279810298102981 0.25266874532544614 0.1287262872628726
0 0.45480374158580295 0.38008130081300817 0.1667613719147944 0.12059620596205961
0 0.5546078959893541 0.46815718157181574 0.11370093539645076 0.1856368563685637
0 0.8350702033005992 0.6300813008130082 0.15918130955503107 0.20867208672086734
0 0.7655862982301834 0.7066395663956639 0.10612087282485083 0.1449864498644987
0 0.8325435158473449 0.8001355013550135 0.05811381142485261 0.13685636856368566
0 0.9336110139775232 0.7479674796747968 0.13896780992899527 0.17073170731707332
0 0.9803547318627308 0.8997289972899729 0.05053374906508934 0.15989159891598925
0 0.29309574457751747 0.1802168021680217 0.3436294936426067 0.17344173441734417
0 0.1743414335331311 0.07452574492125966 0.15160124486506948 0.10298102913791228
0 0.46364714767219356 0.13346883367976814 0.17939480918106676 0.12059620797921711
0 0.312045900582844 0.042682926829268296 0.36636968051006064 0.08536585365853659
0 0.30446583811716255 0.12466124661246612 0.13391443502248646 0.09485094850948508
0 0.3032024943905353 0.07994579917783382 0.09096074831716061 0.05420054144509851
