0 0.2695961995249406 0.285035646155381 0.07046714172604907 0.2494062091753701
0 0.3028503540994442 0.5451306413301662 0.08471891880854798 0.2969121140142517
0 0.32422802191828526 0.7666270783847982 0.11005543676517138 0.4643705463182899
0 0.4026128266033255 0.7268408551068883 0.07363420427553435 0.32779097387173395
0 0.2494061757719715 0.8764845605700713 0.06334125098970703 0.19002375296912133
0 0.5130641374068122 0.9720902612826603 0.03800475937419451 0.05581947743467941
0 0.5225653338356386 0.7387173939479813 0.14251784106795184 0.2779098472783854
0 0.545130632549796 0.41864610998806895 0.15122725429866618 0.33610457152008083
0 0.6084718923198733 0.44596199524940616 0.15756136183689606 0.28622327790973867
0 0.4683293657247761 0.4667458474058286 0.06413303418781896 0.16627077549713154
0 0.7525732383214568 0.3842042755344418 0.09263657957244664 0.17458432304038007
0 0.8083927157561361 0.36342042755344417 0.04592240696753758 0.07125890736342044
0 0.7121931908155186 0.13717339667458436 0.18289786223277915 0.2743467933491687
0 0.650039570721128 0.0985748218527316 0.12668253710089505 0.1971496437054632
0 0.5696753826739556 0.15855104800648628 0.13380837954520064 0.3194773929250866
0 0.45566112430720507 0.05285035629453681 0.05779889152810774 0.10570071258907363
0 0.3650039544380017 0.0855106888361045 0.06967536730830731 0.171021377672209
0 0.37371338083927164 0.25831358094664736 0.08709422011084716 0.3337292996605157
