0 0.48601398601398604 0.8197358197358198 0.2703962703962704 0.2999222999223
0 0.6637528951396802 0.9522144522144522 0.20629374020378477 0.09557109557109555
0 0.7412587414245607 0.9063714063714063 0.20979021012184873 0.1872571872571872
0 0.8892773891530248 0.9646464646464646 0.10955710930838036 0.07070707070707072
0 0.689393938606297 0.6954156954156954 0.2692307676554845 0.30924630924630925
0 0.901515151680971 0.8962703962703963 0.1969696966380582 0.20745920745920743
0 0.8141025641025641 0.07226107226107226 0.2156177156177157 0.1445221445221445
0 0.5606060606060606 0.17016317016317017 0.28205128205128205 0.18492618492618496
0 0.28846153846153844 0.1616161616161616 0.16666666666666669 0.06837606837606838
0 0.03146853146853147 0.08158508158508158 0.06293706293706294 0.08236208236208237
0 0.04487179487179487 0.18026418026418026 0.09207459207459208 0.1212121212121212
0 0.04195804195804196 0.3201243201243201 0.08391608391608392 0.16472416472416473
0 0.3152680652680652 0.5431235431235432 0.13170163170163163 0.16317016317016325
0 0.49650349650349646 0.6130536130536131 0.22610722610722606 0.3061383061383062
0 0.6812354312354313 0.7723387723387722 0.12937062937062938 0.1367521367521366
0 0.31876456876456877 0.35508935508935513 0.41841491841491846 0.3900543900543901
