0 0.31026785714285715 0.6413690476190477 0.14285714285714282 0.16145833333333337
0 0.2926587301587302 0.3009672619047619 0.13343253968253968 0.09375
0 0.5072267388392857 0.5901084010416666 0.17976513095238095 0.24254742559523812
0 0.9602529358878968 0.44376693749999996 0.07588075868055555 0.21815718154761904
0 0.7189980158730158 0.5070684523809523 0.1785714285714285 0.17857142857142855
0 0.5591689250992065 0.4247967483258928 0.10298102976190482 0.06097560900297616
0 0.5921409213789682 0.36043360435267857 0.0912375788690476 0.05420054203869051
0 0.5998193314732143 0.31504064973958334 0.095754290922619 0.04471544605654765
0 0.9583333333333333 0.09561011904761904 0.08085317460317454 0.05357142857142856
0 0.7962962962549603 0.07926829259672619 0.25564588963293655 0.15853658519345237
0 0.42999096664186504 0.1856368563988095 0.19512195114087294 0.2113821138392857
0 0.2926829268353175 0.3692411921502976 0.16079494146825396 0.12872628683035714
0 0.557362240327381 0.04471544717261905 0.12104787698412706 0.0894308943452381
