0 0.95483288166215 0.34010840108401075 0.09033423667570006 0.05962059620596205
0 0.8446251129177959 0.4959349594616578 0.20957542908762417 0.0867208669845434
0 0.9290876242095755 0.6510840108401084 0.14182475158084906 0.05555555555555558
0 0.802168021680217 0.6226287263993271 0.06684733514001806 0.05555555533142709
0 0.9010840108401084 0.5826558265582655 0.19783197831978316 0.10027100271002709
0 0.7606142728093948 0.3123306234743295 0.20957542908762428 0.11246612499743947
0 0.6233062330623307 0.38008130081300806 0.15718157181571824 0.09349593495934949
0 0.48283649503161696 0.47289972899728994 0.1996386630532972 0.12195121951219523
0 0.4733514001806685 0.5765582655826558 0.19512195121951226 0.0582655826558266
0 0.2339656729900632 0.5535230352303522 0.2619692863595302 0.16666666666666663
0 0.14679313459801266 0.6693766943272591 0.11472448057813911 0.08401083898775785
0 0.010840108401084013 0.5901084010840107 0.019873532068654023 0.050135501355013434
0 0.14859981933152666 0.4322493224932249 0.2971996386630533 0.05691056910569103
0 0.06729900632339657 0.060298102981029805 0.13459801264679314 0.09620596205962059
0 0.08355916892502259 0.16260162601626013 0.16711833785004518 0.14905149051490513
0 0.24214916436671075 0.13579545504334564 0.1787549684662172 0.1322031278536881
0 0.4327009936766034 0.20054200536402203 0.2113821138211382 0.15718157192778243
0 0.18518518518518515 0.2757452574525745 0.31797651309846425 0.18292682926829262
0 0.38979223125564594 0.32384823915477057 0.1327913279132792 0.14092140786932045
0 0.957542908762421 0.45460704607046065 0.08491418247515814 0.07452574525745265
