0 0.39783286321924605 0.7403255282738095 0.09799894618055549 0.30340473735119045
0 0.442578705109127 0.6771976962425595 0.10941575744047621 0.2586352898065478
0 0.3515670848214286 0.27229646298363097 0.17046011160714286 0.4781938039434524
0 0.5150564463045635 0.9429723253348214 0.05592131770833331 0.11244610305059521
0 0.38745660503472223 0.9627861733630952 0.03969474826388886 0.07402534151785711
0 0.35614334908234124 0.8074938809523811 0.032855450644841244 0.08448544419642856
0 0.1518076701388889 0.5721689851190477 0.07336032043650795 0.3218215513392858
0 0.24896246316964288 0.5237835602678571 0.17902774032738092 0.33922454687500003
0 0.14740063120039681 0.9180868115699405 0.08372676488095238 0.16110601302083338
0 0.09163597185019842 0.9304795816592262 0.07143474875992063 0.1375295234374999
0 0.06402931287202382 0.9839800775669643 0.03214059945436508 0.03083079427083324
0 0.021429102926587302 0.8514335976562499 0.04233554464285714 0.195997892485119
0 0.022997086061507934 0.6683715660342262 0.04599417212301587 0.26028520126488097
0 0.037239599578373014 0.5954603500744048 0.07395653794642856 0.35514818080357147
0 0.12202380208333334 0.13520788969494046 0.14409193650793653 0.27041577938988093
0 0.2846659689980159 0.01605091685267857 0.03710854166666666 0.030923784598214283
