0 0.24606381562643614 0.4291098633538222 0.1862378437356377 0.2223402801217545
0 0.39331827190461033 0.664669514773289 0.13087045823396232 0.21739620669577042
0 0.5358154842665441 0.6139707725401334 0.13032956670069817 0.3398843679310742
0 0.5174287389173754 0.6565577217197268 0.06867989314662554 0.23524217536932657
0 0.6215301578020656 0.49107702136696474 0.1492570971344095 0.15899125564317546
0 0.5723185741765828 0.3251907367800799 0.179541106847126 0.17440367328205472
0 0.18689889691974673 0.09453904715323114 0.22788963335373263 0.1814463791641065
0 0.3395099543397662 0.4111758036075117 0.1249217008624951 0.16791423427621088
0 0.37006436034294815 0.3965745658443629 0.09409693755006932 0.1289776002411474
0 0.3922366462622479 0.27205847203096106 0.22821193837217713 0.3488073807865655
0 0.3567595741476018 0.07478514684221475 0.16505100981402876 0.1495702936844295
0 0.03483768804433888 0.20130640077538817 0.06967537608867776 0.19596202030195514
0 0.47703879651623116 0.7404988123515439 0.06096595407759303 0.2220902612826604
0 0.5744259721079984 0.9643705463182898 0.03562944929152523 0.07125890736342044
0 0.9548693586698337 0.7226840855106889 0.08867775138558964 0.09857482185273148
