0 0.5101626016260162 0.929539295392954 0.27845528455284557 0.1327913279132792
0 0.3429878048780488 0.8556910569105691 0.3709349593495935 0.20189701897018963
0 0.6646341465298062 0.7615176158485375 0.3150406500298183 0.20596205827582448
0 0.16158536585365854 0.77710027100271 0.09146341463414633 0.13414634146341464
0 0.36534552845528456 0.2459349593495935 0.38109756097560976 0.4051490514905149
0 0.4629065040336502 0.07317073170731707 0.1392276422136418 0.14634146341463414
0 0.04065040650406504 0.697831978263751 0.08333333333333334 0.18970189690690586
0 0.06097560975609757 0.9146341463414633 0.09959349593495935 0.1707317073170732
0 0.9400406504065041 0.939024390075806 0.11991869918699183 0.054200541669227054
0 0.9197154471544715 0.5047425491624711 0.16056910569105687 0.38346882874893884
