0 0.6874356334325397 0.2021112256324405 0.09989701339285717 0.26107106063988095
0 0.7312048480902777 0.1642648361235119 0.05149349627976185 0.16065673325892857
0 0.3887744734623016 0.12718925911458334 0.09165811259920631 0.2502590539434524
0 0.4588053552827381 0.04454170963541667 0.06282183308531741 0.08805355319940476
0 0.5082388549107143 0.1333767894345238 0.0690011780753968 0.1946264419642857
0 0.5010426791914683 0.4554582903645833 0.1617017934027778 0.44335736346726184
0 0.39205923834325396 0.4637724549851191 0.08174978472222216 0.29281437127976195
0 0.4263473053075397 0.9384730539434524 0.05508982043650795 0.12305389211309525
0 0.48502994010416667 0.8764970059523809 0.0718562874503968 0.2434131733630952
0 0.4808383234126984 0.6878723059895834 0.05029940128968252 0.16257095944940492
0 0.5449101803075397 0.8235029938616072 0.09940119642857148 0.2721556886160714
0 0.5979041920882937 0.864820359188988 0.030538921378968076 0.04940119754464278
0 0.7080838323412699 0.9694605589657737 0.07485029960317469 0.0574839921875
0 0.7380239521329366 0.7741017965029762 0.04850299404761904 0.1499999999999999
0 0.7323353293650794 0.6398159494047619 0.0550898204365079 0.13292531175595235
