0 0.6615201922188455 0.2654394299287411 0.10213777161108761 0.39548693586698336
0 0.7363420427553444 0.1929929033372375 0.06650831353919251 0.385985806674475
0 0.627870150435471 0.16923986323387513 0.07759303246239102 0.2600950953849812
0 0.5708630245447348 0.12292161520190026 0.0934283452098178 0.2434679334916865
0 0.442596991290578 0.4513064133016627 0.15835312747426766 0.3752969121140143
0 0.4897070467141726 0.48871733966745845 0.12430720506730009 0.26722090261282655
0 0.4513064133016627 0.7060570071258907 0.12193190815518606 0.21971496437054627
0 0.536025336500396 0.8070071258907363 0.102929532858274 0.22684085510688856
0 0.556215360253365 0.8657957244655582 0.15597783056215359 0.2684085510688836
0 0.6595407671499542 0.9228028503562945 0.10926367551798544 0.154394299287411
0 0.6987331925409463 0.6057007125890737 0.14014255293620803 0.2684085510688836
0 0.78701504354711 0.5089073634204275 0.08076009501187653 0.2458432304038004
0 0.7553444356129972 0.6425177604463179 0.03325419189107737 0.04988134371544006
0 0.42399049881235157 0.980997624703088 0.06096595407759309 0.03562945368171022
0 0.34204275753951063 0.8681710380793717 0.07600950557783359 0.12826606665755558
0 0.28899445764053844 0.7951306413301663 0.16785431512272372 0.3337292161520191
0 0.20981790048868237 0.7868171021377672 0.21852732908504482 0.3574821852731592
0 0.1872525490923031 0.680522565320665 0.11955665953510877 0.19477434679334904
0 0.19279493269992082 0.4026128266033254 0.15756136183689629 0.3990498812351544
0 0.37910772557677486 0.3836106191452398 0.11055115978379504 0.40617543629384334
0 0.35669041963578774 0.26781476024425377 0.05779889152810763 0.08907370101107293
0 0.4326999208234363 0.07185273159144893 0.05938242280285044 0.14370546318289787
0 0.36302454912494375 0.026722090261282656 0.05621536903373542 0.05344418052256531
0 0.2874109527069067 0.083729216152019 0.10451311681523859 0.167458432304038
0 0.5510688770251736 0.6140142726585969 0.053840076511806334 0.14964374721743123
0 0.05938242280285035 0.8847980997624704 0.1187648456057007 0.23040380047505926
0 0.05225653645669346 0.6870545942501551 0.10451307291338692 0.26484558064816366
0 0.8321456848772764 0.13954866853414932 0.03483768804433873 0.07244655581947743
