0 0.25049603174603174 0.3442377057291667 0.13541666666666666 0.20066149330357144
0 0.6188745075644841 0.5000544614955357 0.1261418722718255 0.28954344680059524
0 0.08804563492063491 0.19382440476190477 0.15773809523809523 0.14434523809523814
0 0.17590536086309524 0.12797619047619047 0.18241546874999998 0.2105654761904762
0 0.7487126672867064 0.6225540680803572 0.10641949875992063 0.16786817708333335
0 0.7737727428075396 0.7512873467261905 0.08650875396825397 0.1122554352678572
0 0.936148300719246 0.8537590113467262 0.12701682118055557 0.2842430487351191
0 0.767936484499008 0.8722965907738096 0.18056915848214294 0.2265705669642858
0 0.7150703742559523 0.9649845520833333 0.07621009275793644 0.07003089583333322
0 0.6484721316964286 0.9871266735491071 0.05561277033730172 0.025746652901785683
0 0.44146927566964284 0.8882595226934524 0.08788190848214283 0.1925849568452379
0 0.5351870923859128 0.8002059732142857 0.15173360788690482 0.2059732232142858
0 0.40748369370039683 0.5149331292782738 0.17782354960317465 0.3707519430803572
0 0.3656024717261905 0.7785787847842263 0.0569859250992063 0.19773429427083344
0 0.2138688637152778 0.46652935119047617 0.12015104687500003 0.1544799174107142
0 0.5454857535962301 0.5762100926339286 0.20391349131944436 0.437693099702381
0 0.35324407837301586 0.2590113284970238 0.09955372470238094 0.1390319255952381
0 0.34878132514880955 0.10968074144345238 0.1002403020833334 0.19670442857142856
0 0.031239272197420634 0.4778274748883929 0.06247854439484127 0.10098768638392863
0 0.09852385850694445 0.2966014417782738 0.1709577755456349 0.13800205989583336
