0 0.2759303246239113 0.7975059298914307 0.25732383214568494 0.14845604030542658
0 0.2692920966195713 0.6603325123397221 0.3117721012976745 0.26603319570082196
0 0.055027711797308004 0.8236342042755345 0.07205067300079177 0.04631828978622343
0 0.611243072050673 0.8212589073634204 0.10134600158353113 0.345605700712589
0 0.5540281122235429 0.7898713764805725 0.09226049058823316 0.24482588835306895
0 0.5316706254948536 0.6965558194774346 0.12589073634204273 0.2220902612826604
0 0.6943784639746635 0.4732779097387173 0.14885193982581157 0.22921615201900236
0 0.7395091096950148 0.4703087885985747 0.16468726135360867 0.24228028503562932
0 0.886381631037213 0.17339667458432304 0.13539192399049882 0.23990498812351543
0 0.8143309580364212 0.15973871733966746 0.15756136183689629 0.3194774346793349
0 0.5839271575613618 0.4423990331795358 0.24623911322248615 0.39311167235826805
