0 0.49119800619693044 0.221279212565508 0.20058077696207083 0.0916969545829251
0 0.6482350439882376 0.18321797664606862 0.12467528574848286 0.029574017794874674
0 0.3991799115570267 0.31726352475774927 0.14712865474584003 0.09852172792020386
0 0.2520512568111867 0.3491124669983836 0.12940231080055806 0.06632279730329887
0 0.20094029843562386 0.34876247862211285 0.17549080505829112 0.08102230910666858
0 0.22649577762340528 0.29083940234931094 0.19173995367479946 0.0750725067100666
0 0.12338754367501542 0.30256401295437957 0.06942818045235422 0.07087264619481803
0 0.12127773649230382 0.41893514806438953 0.12083457789367177 0.04427352959824438
0 0.12703879827452044 0.4383595029474137 0.08981347598942839 0.02432419215081416
0 0.023635125260375894 0.45165906124570065 0.046679372389242385 0.07017266944227679
0 0.07371204690579733 0.4784331720304097 0.10606262460593685 0.053023239005012046
0 0.23708985026814572 0.5352187860803318 0.19469434433234645 0.06719776824397572
0 0.31331312923285803 0.5700426295192671 0.11197140592103078 0.061597954223644336
0 0.40667187401134286 0.54545594608625 0.0605650084797133 0.022924238645731232
0 0.4269094500155397 0.5011824164880055 0.13176582332659553 0.06702277405584028
0 0.14506058128555707 0.49488262571513286 0.10281279488263516 0.03867371557791305
0 0.08579919675877562 0.5937727500793331 0.13565823486733541 0.10660827670988138
0 0.05258815370433637 0.7263124395241378 0.09926752609357876 0.04164861677621412
0 0.1887855630172525 0.6287531796386782 0.1329475795896144 0.05932302977788484
0 0.019498978339810114 0.6649769765826964 0.03899795667962023 0.04112363421180798
0 0.10753981993471035 0.6750391424004791 0.05436078809886459 0.028349058477927125
0 0.19750101545701612 0.5861420948277196 0.05642886155914745 0.022399256081325203
0 0.20340979677211007 0.5691676585785903 0.01802178301103663 0.011899604793204066
0 0.4484765018156327 0.4232225056737057 0.1370837265101803 0.032198930616904986
0 0.41302381392506876 0.4413344041457147 0.18671748955696954 0.04497350635078584
0 0.24743021756956016 0.4212100725101491 0.12556160294574698 0.03447385506266454
0 0.521009288918517 0.29569496045079513 0.11895189244714993 0.07468492083247497
0 0.6123643423179284 0.2565206057499875 0.08850020798067981 0.030155798222923885
0 0.6309208375396836 0.304713516928679 0.14940357691362038 0.05890244699617847
0 0.6789774020883323 0.3235961195542481 0.11038735619095541 0.033537756902130234
0 0.9372671566357236 0.2990769191300016 0.12546568672855296 0.15303363023409033
0 0.8031631778031569 0.31993233098510787 0.1427422709365802 0.048192911178691455
0 0.7296509082708184 0.24637472971236823 0.07565340359638739 0.0408653340404109
0 0.8226712881644895 0.266243736952706 0.11800027730757312 0.02311005097457719
0 0.811014002704669 0.22044637983845244 0.13941161794805979 0.0707393023734009
0 0.36542021359764487 0.4146271740028875 0.03140329960604771 0.014936984166495082
0 0.20721419664293533 0.4543651884835629 0.07470178845681025 0.026210179763849817
0 0.2792990434659082 0.47620700495343765 0.11229058647010956 0.04509278238941883
0 0.014036323308763704 0.5391959853536571 0.027121031477950207 0.02226456130477561
0 0.6428762117063778 0.2265971940651669 0.09937979293856558 0.024562184246678276
0 0.2870036078562266 0.23527865573856177 0.06684899740831568 0.027526585793691022
