0 0.21179730799683294 0.6680522273040926 0.1417260490894695 0.17458438149632793
0 0.011084718923198733 0.24168645663217608 0.022169437846397466 0.053444188873414955
0 0.22565321543120165 0.4536817102137767 0.16943786395820692 0.21140142517814725
0 0.055027711797308004 0.4423990415303856 0.11005542359461601 0.21258909033590367
0 0.43349168646080755 0.8545130641330165 0.18289786223277893 0.2862232779097388
0 0.5605700712589073 0.8824228028503562 0.12351543942992871 0.23515439429928753
0 0.6365795724465558 0.929334916864608 0.07600950118764849 0.14133016627078399
0 0.6836896366505207 0.8966745843230404 0.11480603497958419 0.20665083135391937
0 0.7822644299670489 0.9447742841619767 0.061757768007000835 0.11045143167604654
0 0.8432304059955676 0.9566508313539193 0.07600950557783381 0.08669833729216148
0 0.6963578846533696 0.43705463182897863 0.1274742807873409 0.38479809976247026
0 0.8000791216864227 0.6698336707602043 0.12430731482192892 0.40855123590060377
0 0.6377672209026128 0.6555819477434679 0.11322248614410146 0.3325415676959619
0 0.6872525732383215 0.6140142559568975 0.12509897070467146 0.38242281120120614
0 0.48456058104672184 0.3776721923244289 0.19635790001901765 0.44180525905660517
0 0.5150435471100554 0.31591448931116384 0.11638954869358664 0.2612826603325415
0 0.5791765637371338 0.20605700712589076 0.0815518606492478 0.12707838479809977
0 0.32977038796516234 0.17992874109263657 0.13064133016627083 0.2363420427553444
0 0.19477433581788628 0.04631828978622328 0.1092636799081704 0.09263657957244656
0 0.19398258115597783 0.2767220902612827 0.22802850356294535 0.21615201900237532
0 0.37173396674584325 0.5861045130641331 0.13380839271575617 0.23871733966745856
0 0.40380047505938244 0.5065320665083135 0.1599366587490102 0.2767220902612827
0 0.4568487727632621 0.5089073634204275 0.14410134600158347 0.33372921615201906
0 0.5407759215442536 0.020783847980997625 0.06809186237467557 0.04156769596199525
