0 0.5808147357390874 0.05078125 0.15107732713293653 0.1015625
0 0.8277145372023809 0.8224276482514881 0.12848960466269832 0.20723263281249993
0 0.36397610664682534 0.7232142857142857 0.09595651686507939 0.2433035714285714
0 0.7537897681051586 0.8536086309523809 0.15014386359126985 0.29278273809523814
0 0.5826574722222222 0.16117263802083334 0.1427207698412698 0.21148218080357145
0 0.5084105732886905 0.4799175788690476 0.17095777554563496 0.22863034151785705
0 0.6326817855902778 0.5468588872767857 0.10504494221230165 0.19979406919642856
0 0.5320974940476191 0.8619979402901786 0.18674905605158731 0.24716786793154766
0 0.7456230690724206 0.9191555098586309 0.08238928943452373 0.16168898028273815
0 0.7181591548859128 0.9685890833333333 0.05629771254960314 0.06282183333333335
0 0.2969451977926587 0.4757981603422619 0.08444808705357143 0.14212155208333332
0 0.37762271614583337 0.5865087855282738 0.12906627405753968 0.2378991365327381
0 0.9715070374503968 0.947476828125 0.05629934771825407 0.10092687946428569
0 0.7181599724702381 0.28012358389136904 0.10161345684523815 0.15653964992559521
0 0.3292138687996031 0.18383110212053572 0.05698592509920636 0.15756951599702385
0 0.43529007886904764 0.20082389285714286 0.12083762450396829 0.24922760044642855
0 0.46206659796626987 0.12667353255208333 0.08650875396825397 0.17507723995535715
0 0.38928939236111115 0.024201853794642854 0.06728458630952378 0.04840370758928571
0 0.5743220048363096 0.6652935119047619 0.07621009250992061 0.13388259523809531
0 0.800892550595238 0.5231719875372024 0.10367318898809519 0.1277033984375
