0 0.7090261282660334 0.5415676959619952 0.12272367379255744 0.16389548693586703
0 0.6714172539056169 0.4958432304038005 0.15360254682059515 0.17458432304038013
0 0.5427553444180523 0.7559382297540105 0.1433095803642122 0.1793348918120593
0 0.40498812351543945 0.701306430003362 0.21615201900237535 0.17933495026800672
0 0.23198732955470946 0.8818289786223277 0.22169437407378945 0.08907363420427561
0 0.07125890736342042 0.7755344543315001 0.14251781472684083 0.0855107138886535
0 0.21852731591448932 0.7226840855106889 0.1361836896278701 0.04394299287410919
0 0.4133016627078384 0.5724465558194776 0.18368962787015047 0.11638954869358653
0 0.1892319873317498 0.5724465558194775 0.18527315914489312 0.05700712589073631
0 0.2288202692003167 0.6223277909738718 0.038004750593824244 0.038004750593824355
0 0.25138558986539983 0.46258907363420426 0.1623119556611243 0.07957244655581952
0 0.4726840723401333 0.48752969121140144 0.09184481393507532 0.08432304038004762
0 0.49841646872525724 0.3895486935866983 0.18923198733174978 0.11401425178147262
0 0.6298495645288995 0.4530878859857483 0.1813143309580364 0.18408551068883627
0 0.6935866983372923 0.3242280285035629 0.15835312747426766 0.17814726840855105
0 0.6646872372075903 0.2660332541567696 0.1765637678651043 0.17102137767220904
0 0.7117973079968329 0.11223277909738716 0.16152019002375295 0.12945368171021376
0 0.03167062549485351 0.4228028461808697 0.06334125098970703 0.09738718174752425
0 0.10490894695170229 0.30522565320665085 0.19873317498020585 0.0997624703087886
0 0.0510688836104513 0.18705462765355382 0.1021377672209026 0.11995250241260735
0 0.23317493191382238 0.2624702920868992 0.2082344592127353 0.08788601915161728
0 0.15676960717498778 0.1300475184645168 0.2739509500421493 0.20783845475742724
0 0.41646872525732387 0.20368171021377673 0.15201900237529697 0.0866983372921615
0 0.3847980931771926 0.2969121140142518 0.03325414359904072 0.0451306413301662
0 0.8832145684877277 0.3087885985748218 0.13697545526524146 0.1900237529691212
0 0.9742676167854315 0.12826603325415675 0.051464766429137 0.10688836104513062
0 0.8954869358669834 0.14667458432304037 0.20269200316706226 0.26009501187648454
0 0.8741092636579573 0.07185273159144893 0.16785431512272375 0.14370546318289787
0 0.9889152810768013 0.8414489311163895 0.02692003167062551 0.2458432304038003
0 0.9540775864471847 0.9495249406175772 0.04275535758860771 0.10095011876484572
