0 0.22406964903497772 0.23099763305393745 0.12351543942992868 0.3693587199388271
0 0.22604901483636936 0.4709026128266033 0.06254963461863103 0.2410926365795723
0 0.3174980205859066 0.33491686460807596 0.08867775138558986 0.3135391923990498
0 0.3519398258115598 0.47327790973871736 0.038796516231195566 0.33847980997624705
0 0.1737925574030087 0.7209026253528779 0.05621536025336499 0.3182898112758269
0 0.24188440221694377 0.7624703087885984 0.07838479809976245 0.2874109263657957
0 0.2723673792557403 0.8408551068883612 0.07600950118764843 0.31828978622327775
0 0.32264449722882027 0.7880047505938242 0.06096595407759303 0.17458432304038007
0 0.3507522651592059 0.9418052006006576 0.06175794800459228 0.11638959879868471
0 0.43942992874109266 0.7244655581947744 0.09501187648456061 0.23752969121140155
0 0.4041963578780681 0.6033254156769596 0.10688836104513055 0.38954869358669836
0 0.7775138449231912 0.2209026128266033 0.14568486410577086 0.31116389548693585
0 0.6951702340022201 0.4548693169155853 0.049089478297393296 0.21140140847644795
0 0.7814726840855106 0.4946555819477435 0.04750593824228022 0.10570071258907382
0 0.6460807557048267 0.9495249447930021 0.06967538486904823 0.10095011041399582
0 0.6959619930543136 0.7606888486307876 0.10926365356705925 0.2862233029622878
0 0.8582739509105305 0.16508313539192399 0.06967537608867769 0.2779097387173397
0 0.5221694378463975 0.8266033254156769 0.19239904988123513 0.32779097387173395
0 0.6567696027848027 0.2826603325415677 0.17656372396325293 0.5653206650831354
0 0.5229612034837687 0.4750593824228029 0.07521773555027716 0.27078384798099764
0 0.508313539192399 0.15380047505938244 0.06809184481393504 0.2672209026128266
0 0.554235939574659 0.12232779097387175 0.057007112720181 0.2446555819477435
0 0.44180523223848434 0.039192399049881234 0.057007139061291734 0.07838479809976247
0 0.435471100554236 0.12410923025455856 0.04592240696753763 0.09857488865952892
