0 0.37260273972602737 0.3273972602739726 0.1114155251141552 0.5315068493150684
0 0.4392694063926941 0.08493150684931507 0.0894977168949771 0.16986301369863013
0 0.5150684931506849 0.026027397260273973 0.051141552511415556 0.052054794520547946
0 0.55662100456621 0.028767123287671233 0.03013698630136985 0.057534246575342465
0 0.5438356164383562 0.28013698630136985 0.20182648401826492 0.5356164383561643
0 0.7232876712328767 0.176027397260274 0.1698630136986301 0.352054794520548
0 0.8077625570776257 0.15136986335730054 0.13607305936073077 0.3027397267146011
0 0.6602739726027398 0.6068493150684932 0.1680365296803653 0.4547945205479453
0 0.42146118721461195 0.8006849315641164 0.16347031963470326 0.3712328768268629
0 0.4757990867579909 0.7787671232876712 0.1479452054794521 0.363013698630137
0 0.5333333333333334 0.8075342465753423 0.04566210045662089 0.18493150684931503
