0 0.5343746602399159 0.6117886178861789 0.1464582402139029 0.05555555555555558
0 0.3196352134398015 0.6185636858049528 0.16822905970515864 0.058265582319633635
0 0.23848943161670005 0.6402439028312494 0.06135412749124328 0.028455283768395345
0 0.08114578174013537 0.6348238482384824 0.1543749018470868 0.039295392953929476
0 0.027708315716143787 0.5718157181011494 0.055416631432287575 0.05420054189335577
0 0.023749984899551813 0.4993224931689001 0.04749996979910363 0.058265582543762184
0 0.11973950720190707 0.4925474254742548 0.1563540672553828 0.03116531165311659
0 0.20484361975863444 0.535230352303523 0.20781236787107843 0.0758807588075881
0 0.28104148797802986 0.4999999997198393 0.13458324776412692 0.04878048724455658
0 0.37406226216794114 0.5738482384823849 0.15041657103049483 0.03387533875338755
0 0.3809893411799432 0.5054200542005419 0.06927078912442725 0.01626016260162605
0 0.11874992449775908 0.4451219510514158 0.16624989429686268 0.05284552811909171
0 0.13557283063420716 0.3556910569105691 0.14447907447374245 0.04742547425474258
0 0.04651038709495564 0.34688346905881695 0.09302077418991128 0.05149051535340621
0 0.2325519354747782 0.4105691056910569 0.1761457213383426 0.04065040650406504
0 0.35723935619742525 0.4573170731146996 0.1563540672553828 0.058265582543762295
0 0.40671849140482486 0.4491869919819831 0.0771874509235434 0.03929539250567243
0 0.3790101756886811 0.3475609756097561 0.14843740562219881 0.0257452574525745
0 0.2849998187946218 0.3719512195121951 0.11083326286457512 0.03387533875338761
0 0.42255181467119274 0.3943089430894309 0.1761457213383426 0.051490514905149054
0 0.5086455099320681 0.5413279132791328 0.1543749018470869 0.060975609756097615
0 0.5601038105477637 0.4735772357723578 0.12270825531435103 0.03929539295392953
0 0.49578093477814417 0.5006775067750677 0.05739579684058349 0.023035230352303482
0 0.4977600998545757 0.48509485094850946 0.05739579551312568 0.016260162377497445
0 0.5640621416132541 0.36585365853658536 0.10291660073359454 0.027100271002710064
0 0.7174474605072945 0.5880758807588076 0.10885409745627916 0.03252032520325199
0 0.8144265655967637 0.5691056909448462 0.09697910484057104 0.029810297878852365
0 0.8104682346972057 0.5982384824968882 0.12864575153923896 0.04200541983007189
0 0.936145238124001 0.5697831978319783 0.10291660123139124 0.04742547425474253
0 0.9826556252189564 0.4640921409214092 0.03364581194103167 0.04742547425474253
0 0.899530678070525 0.5128726287262872 0.15239573643879079 0.05826558265582649
0 0.8352078023009056 0.46138211376510607 0.17416655593004648 0.12330623295026633
0 0.8916140164373412 0.4749322493224932 0.06135412765717552 0.03658536585365857
0 0.9680726190620004 0.37262872623123067 0.06385476187599926 0.021680216914232275
0 0.8629161180170494 0.33739837398373984 0.09895827041479932 0.0677506775067751
0 0.7570307686732142 0.39498644986449866 0.16822905970515878 0.07181571815718157
0 0.7451557762234382 0.5460704607046071 0.10885409745627916 0.03794037940379402
0 0.9769788633993324 0.41260162601626016 0.04604227320133536 0.023035230352303482
