0 0.9659540775930324 0.36460807183407634 0.06809184481393504 0.27315915324396134
0 0.847980997624703 0.8628266033254157 0.12351543942992871 0.27197149643705487
0 0.8171021355721284 0.673396674584323 0.057007121500551206 0.17339667458432306
0 0.950910530482977 0.6983372921615202 0.08234362628661929 0.20190023752969122
0 0.49406176210990016 0.8954869358669835 0.06017419722059203 0.20902612826603317
0 0.490498812351544 0.7114014251781471 0.08313539192399061 0.23990498812351546
0 0.5926365795724464 0.7939429886986844 0.08630245447347573 0.4121140226026312
0 0.3855898653998416 0.34679334916864607 0.10451306413301664 0.2565320665083135
0 0.3511480601741884 0.1508313539192399 0.173396674584323 0.3016627078384798
0 0.36342042755344417 0.4946556028248676 0.10134600158353124 0.3337292579062673
0 0.41488513471508154 0.7149643705463183 0.07284255717316224 0.178147268408551
0 0.5225653206650831 0.3004750593824228 0.20427553444180513 0.35154394299287406
0 0.6567695961995248 0.6448931116389549 0.13064133016627066 0.37767220902612836
0 0.19833728557624247 0.03681710213776722 0.09422012401774471 0.07363420427553444
0 0.69794142251339 0.9441805225653206 0.05938244914396107 0.11163895486935871
0 0.7276326207442597 0.44121137637262914 0.13935075217735537 0.17695967005759228
0 0.9311163895486936 0.8842041920259451 0.0760095011876486 0.22209042829965364
