0 0.6073988557820575 0.8090935232967917 0.3263890903799894 0.26547701971744087
0 0.6646341463414633 0.6815718159422858 0.21138211382113814 0.4092140916926644
0 0.7083333333333333 0.5467479674796748 0.17886178861788604 0.2533875338753388
0 0.5060975609756098 0.3313008130081301 0.21544715447154467 0.30487804878048785
0 0.23373983746115495 0.12330623306233063 0.19715447141915354 0.24661246612466126
0 0.06758130100135103 0.05420054200542006 0.12499999962331422 0.10840108401084012
0 0.4253048780487805 0.5006775067750677 0.2997967479674797 0.36178861788617883
0 0.46798780487804875 0.4275067750677507 0.15955284552845528 0.19647696476964766
0 0.33434959349593496 0.5718157181571816 0.1382113821138211 0.22222222222222232
0 0.20833333333333334 0.35907859078590787 0.20121951219512196 0.2872628726287263
0 0.3856707319584409 0.048102981029810296 0.059959349091248226 0.09620596205962059
0 0.5091463415261955 0.10530390132087356 0.09959349580939758 0.21757647920107132
