0 0.8541102078373015 0.7513550135788691 0.28997289980158725 0.22899728980654765
0 0.4959349594494048 0.77303523046875 0.3866305329861111 0.2669376692708333
0 0.4494128275049603 0.5169376692708334 0.28093947594246027 0.17208672098214295
0 0.8224932249503968 0.5155826558779761 0.3532068655753968 0.16666666666666663
0 0.08536585367063493 0.11653116517857143 0.17073170734126986 0.1273712738095238
0 0.0894308943452381 0.9315718152901784 0.1788617886904762 0.13685636793154765
0 0.5049683830605158 0.3746612459077381 0.47154471552579363 0.1341463400297619
0 0.5213680848214286 0.20934959337797618 0.5579865044642858 0.15311653124999997
0 0.9051490514632936 0.6226287261904762 0.1860885275297619 0.16666666666666674
0 0.5844625112847222 0.9186991869419643 0.05600722693452387 0.05962059635416672
0 0.0984643179563492 0.7560975610119047 0.1969286359126984 0.22493224925595257
0 0.08988256547619047 0.5819783173363096 0.17976513095238095 0.3888888839285715
0 0.8206865401785715 0.06436314322916667 0.3586269196428572 0.12872628645833334
