0 0.38437895399305555 0.37094979203869044 0.057778413938492035 0.4179103616071428
0 0.48374208990575396 0.4723971990327381 0.07396811235119055 0.32665806026785715
0 0.5337999871031746 0.3662412633928571 0.08170526388888882 0.31706559449404764
0 0.5953141029265873 0.38360447209821424 0.07768717956349214 0.1986601674107143
0 0.6675259892113095 0.23778604947916665 0.09442298139880967 0.25785531919642857
0 0.6921461453373016 0.6189039107142857 0.09235683283730167 0.3055833467261906
0 0.6999975093005952 0.20779745461309526 0.09524944072420638 0.4044377075892857
0 0.4149154693700397 0.1621294566592262 0.05744952008928572 0.3242589133184524
0 0.755252006076389 0.5063137531622024 0.07096971999007928 0.6147273560267857
0 0.5639875342261905 0.7217153891369048 0.05399390972222218 0.3090611391369048
0 0.48958392658730154 0.7863775455729167 0.11165940525793644 0.2517825003720239
0 0.6730635243055556 0.9148591902901786 0.10174059027777771 0.17028161941964282
0 0.3590063865327381 0.8627840723586309 0.1626064521329365 0.2658642265625001
0 0.49733789087301583 0.9618472788318453 0.058366970238095284 0.06934424441964282
