0 0.3322626218998016 0.831661730282738 0.1425080161210317 0.23213615327380965
0 0.5073463275049603 0.4888640511532738 0.15492050124007928 0.3051891648065475
0 0.5229486499255953 0.7849259925595238 0.12279995312500003 0.23503588541666676
0 0.48808516245039685 0.7428535373883929 0.10412935019841274 0.20855154575892865
0 0.6473497093253968 0.8696602500000001 0.126962396329365 0.22486094270833334
0 0.48407252604166673 0.9459585859374999 0.07898674305555559 0.10589007886904767
0 0.6795257781498016 0.9046910686383929 0.11537285292658728 0.18732873921130944
0 0.46578544804067457 0.4311814806547619 0.15005341294642854 0.24450944717261902
0 0.3436165809771825 0.4931559103422619 0.10675560739087303 0.25381071354166673
0 0.09871237673611111 0.9498408634672619 0.09213155158730157 0.09702914955357134
0 0.6736323616071429 0.2361491793154762 0.13585221726190477 0.35815504017857147
0 0.0810250013640873 0.8537006229538691 0.1620500027281746 0.2852400747767856
0 0.10370205778769842 0.7450738058035713 0.15142320535714288 0.28798805580357134
0 0.5245418456101191 0.13298750744047622 0.09079101314484134 0.17457466592261908
0 0.6436645792410715 0.5104057989211309 0.06707104836309519 0.12124381808035717
0 0.5681643917410715 0.17648301748511905 0.1135351187996031 0.2842956004464286
0 0.22034425372023808 0.5476170518973215 0.14962003075396824 0.2909851633184524
0 0.29449912462797617 0.28516908816964287 0.1888940543154762 0.28059907068452383
0 0.7217455961061507 0.5870369871651786 0.10218270858134915 0.23225066331845234
0 0.9227518735119047 0.15971608463541664 0.07461395486111122 0.23262593712797616
0 0.8206907734375 0.2538337739955357 0.17784697891865076 0.5076675479910714
0 0.8032214263392856 0.6040325109747025 0.07116754166666672 0.13484376302083334
