0 0.434959349578373 0.055555555617559524 0.2574525746527778 0.11111111123511905
0 0.8446251129712301 0.3380758807663691 0.3107497740575397 0.2886178865327381
0 0.9245709124503968 0.554878048735119 0.1490514905753968 0.1368563683035714
0 0.9575429088541667 0.9417344174107143 0.08310749776785709 0.11382113839285712
0 0.178214755828373 0.8651761504836311 0.3546228271329365 0.11517614918154762
0 0.08491418241567461 0.7513550122767857 0.16982836483134922 0.12601625744047618
0 0.2777777777777778 0.30216802157738093 0.5555555555555556 0.2059620595238095
0 0.5763324300595238 0.7757452574404762 0.38482384821428567 0.2289972901785714
0 0.2366757000248016 0.6382113816964285 0.31436314360119044 0.16802167931547618
0 0.12827461607142857 0.4593495933779762 0.25654923214285713 0.24932249330357142
0 0.5813008131200397 0.4878048787202381 0.32249322495039684 0.1653116517857144
0 0.630081300843254 0.6185636875 0.2953929538690476 0.19647696056547614
0 0.9232158988095238 0.7716802165178571 0.15356820238095237 0.3021680208333333
0 0.5049683829365079 0.24457994587053572 0.38843721775793644 0.2777777779017857
