0 0.6228561478174603 0.5633366257440476 0.16460686061507934 0.22147872767857146
0 0.5977761550099207 0.22549534263392856 0.15722139037698413 0.25706726711309524
0 0.4659039952876984 0.16996529445684525 0.13390383035714282 0.19499340438988094
0 0.4957088683035714 0.18828059784226192 0.13695626636904762 0.19990055282738095
0 0.7097963365575397 0.3040359376860119 0.16592345486111104 0.16028858965773812
0 0.7745806940724207 0.32569392912946427 0.1914113509424603 0.22387087165178574
0 0.8794503353174603 0.0489291130952381 0.2247832341269841 0.09513994196428573
0 0.3030830518353175 0.56485426953125 0.11664106101190477 0.3132876142113094
0 0.23157607490079365 0.8892299244791667 0.046228936507936524 0.21882186681547622
0 0.3220967611607143 0.6239962332589286 0.1164559771825397 0.3053219136904762
0 0.35392427517361114 0.9689829866071429 0.043305233382936514 0.06186472098214291
0 0.3061037507440476 0.9640897860863095 0.047672037202381 0.06909737872023802
0 0.3298262646329365 0.7901550057663691 0.06242766815476197 0.19299612611607142
0 0.46919221453373017 0.8567860716145834 0.1045619990079365 0.25507154427083345
0 0.4806098282490079 0.5820308251488095 0.07583962822420637 0.13953858184523815
0 0.4434453890128968 0.4902887379092262 0.09880302157738097 0.14995867075892866
0 0.4185249965277778 0.46365934151785715 0.0792470233134921 0.1482205297619048
0 0.7611247251984128 0.020432435267857145 0.06813480555555562 0.04086487053571429
0 0.42408343315972225 0.8330769713541667 0.08810993625992058 0.29876207068452376
0 0.5879024687500001 0.037476793154761906 0.07649295386904764 0.07495358630952381
