0 0.43467933491686467 0.24228028503562946 0.18527315914489317 0.21140142517814725
0 0.5827395003249345 0.06472684085510688 0.14726842611180957 0.12945368171021376
0 0.5304829880142594 0.03147268408551068 0.07600950557783365 0.06294536817102137
0 0.3463974663499604 0.0160332541567696 0.07046714172604912 0.0320665083135392
0 0.21179730799683294 0.38242280285035635 0.18606492478226444 0.21377672209026138
0 0.3756927949326999 0.41152015244492945 0.14014251781472692 0.16983380437379908
0 0.165874892248925 0.6104512771853279 0.23990503202536692 0.2779097971732874
0 0.017418844022169436 0.9804038004750593 0.036421219319081544 0.039192399049881366
0 0.049089449761189764 0.8165083260654669 0.09817889952237953 0.12232781602642062
0 0.29572448092384274 0.7589072423331075 0.2557403316022382 0.21377696426490145
0 0.48851926216237584 0.5967933616949207 0.1789393062374019 0.20546320795041134
0 0.4619952494061757 0.4625890903359037 0.21615201900237524 0.2482185607193133
0 0.652019002375297 0.1152019002375297 0.14806017418844042 0.17339667458432304
0 0.7086302322767921 0.1799287327417869 0.20427552566143503 0.2743468100508679
0 0.6211401425178147 0.38836106600776554 0.20665083135391926 0.22327786798446897
0 0.7988915149371245 0.17339667458432306 0.18052257410103534 0.23277909738717342
0 0.9501187648456056 0.10748221032570815 0.09976247030878871 0.2149644206514163
0 0.9774346771398243 0.3461995040634934 0.045130645720351414 0.1175772389038921
0 0.8867775138558986 0.5261282660332541 0.1536025336500395 0.18527315914489306
0 0.735946153351381 0.7191211401425179 0.11322249931465667 0.14370546318289779
0 0.4152810724110816 0.8248218527315914 0.1274742588364151 0.12470308788598572
0 0.40380045530354924 0.902612834954175 0.1219318247416682 0.11401418497467541
0 0.052256532066508314 0.5308788849100312 0.10451306413301663 0.1258907864471408
0 0.6472684085510688 0.5736342042755345 0.19239904988123535 0.2707838479809977
0 0.7581155890026859 0.3646080760095012 0.23198733174980224 0.25178147268408557
