0 0.6127014890873015 0.6163086391369048 0.1030740014880952 0.17842947991071434
0 0.5556347673611111 0.7111299687500001 0.1437727485119048 0.259352886904762
0 0.5419210590277778 0.7690140610119047 0.1499660362103174 0.29349199776785706
0 0.4340360267857143 0.8418479680059523 0.19486554365079362 0.288894699404762
0 0.5075219072420636 0.8004598279389881 0.15684299851190475 0.2872501380208332
0 0.19786347507440474 0.4050799391741072 0.1560386753472222 0.30693006138392864
0 0.2523483560267857 0.43048706063988096 0.15167925669642854 0.290856394345238
0 0.3487767751736111 0.40432355691964283 0.14540390252976199 0.3155345572916666
0 0.298809384796627 0.40971509579613097 0.16638222098214286 0.2864120375744048
0 0.38780907762896827 0.37095123251488094 0.16971418650793657 0.3315903980654762
0 0.2467955859375 0.0695591994047619 0.05487381820436507 0.1088341212797619
0 0.4370705575396826 0.2020420035342262 0.07364760218253968 0.22387178757440473
