0 0.9164408310749774 0.6592140921409213 0.1707317073170732 0.09078590785907836
0 0.7710027100271002 0.616531165311653 0.3224932249322493 0.14363143631436304
0 0.9096657633242999 0.5040650408185028 0.1499548328816619 0.07859078624405191
0 0.9471544715447155 0.3970189701897018 0.1074977416440831 0.10298102981029805
0 0.8324299909665763 0.4193766937669376 0.13098464317976521 0.12059620596205956
0 0.6906052393857272 0.5298103001761706 0.20505871725383917 0.1761517573712359
0 0.5022583559168925 0.6829268293803569 0.20415537488708219 0.16802167999267348
0 0.509936766034327 0.5779132791327912 0.13821138211382117 0.1287262872628725
0 0.2759710930442637 0.7710027100271002 0.21770551038843708 0.2899728997289974
0 0.462059620596206 0.5467479674236426 0.2646793134598013 0.21544715435948036
0 0.29674796747967475 0.4092140921969535 0.19060523938572715 0.25203252043726754
0 0.08401084010840108 0.8760162601626016 0.16802168021680217 0.24796747967479693
0 0.03974706413730804 0.8136856368563685 0.07949412827461608 0.18563685636856375
0 0.1233062330623306 0.6829268289881316 0.12014453477868108 0.1653116525562096
0 0.1323396567299006 0.7269647696476964 0.18699186991869918 0.2831978319783196
0 0.12104787714543812 0.5555555555555555 0.1860885275519422 0.2926829268292683
0 0.0831074977416441 0.5013550135501355 0.1662149954832882 0.3089430894308942
0 0.47515808491418243 0.24999999999999994 0.11020776874435406 0.07452574525745256
0 0.521680216802168 0.17547425479857956 0.2140921409214092 0.11788617874972433
0 0.7149954832881662 0.07926829217863744 0.20867208672086712 0.1422764217556489
0 0.6513098464317977 0.1808943089430894 0.06323396567299 0.06368563685636855
0 0.9308943089430894 0.04878048780487805 0.1400180668473353 0.0975609756097561
0 0.7624209575429088 0.25135501355013545 0.20596205962059633 0.09349593495934957
0 0.5722673893405601 0.30555555555555547 0.1074977416440831 0.05826558265582654
