0 0.06278229451884922 0.030487804873511902 0.12556458903769843 0.060975609747023804
0 0.20460704613095237 0.06504065029761905 0.14182475148809523 0.1273712738095238
0 0.46271266666666666 0.05149051488095239 0.21178486359126986 0.10298102976190478
0 0.6282746160714285 0.044037940290178566 0.1020776874999999 0.08807588058035713
0 0.7267389340277779 0.11788617894345237 0.14001806696428576 0.23577235788690473
0 0.8030713640873016 0.06775067745535715 0.07768744345238088 0.1355013549107143
0 0.2371273712797619 0.6985094851190476 0.13640469742063496 0.19918699181547617
0 0.11698283643353174 0.9268292682291667 0.10569105679563494 0.14634146354166666
0 0.28368719791666663 0.9275067751116071 0.14987944345238097 0.14498644977678576
0 0.42366757006448413 0.8604336043526786 0.13911472445436512 0.18699187016369034
0 0.5284552844742063 0.8597560976562499 0.18428184275793658 0.21544715438988082
0 0.5523938572668651 0.9254742546502976 0.20325203249007945 0.14905149069940482
0 0.23396567299107146 0.26829268284970237 0.15356820213293657 0.19512195126488094
0 0.5975609755704365 0.41598915978422624 0.17434507663690468 0.22764227641369056
0 0.493676603422619 0.3848238482142857 0.1635049682539682 0.17344173437500005
0 0.8830171635664683 0.5934959348958333 0.13098464310515878 0.20596205952380953
0 0.7348690153769841 0.5047425472470238 0.05691056894841284 0.0962059620535714
0 0.32746160788690476 0.6890243902529762 0.1924119241071429 0.28861788616071427
0 0.4177958446180555 0.28319783203125 0.09846431820436502 0.13279132775297617
0 0.9001806684027778 0.27981029799107143 0.136404697420635 0.27506775074404766
0 0.5659439928075397 0.6443089430803571 0.17976513095238095 0.28319783184523817
0 0.6549232158978174 0.44376693601190476 0.12104787723214283 0.19647696130952386
0 0.747515808531746 0.651761517485119 0.15808491418650794 0.3143631436011904
0 0.8626919601934524 0.5230352280505952 0.08852755183531735 0.1571815669642857
0 0.1616982836061508 0.496612466889881 0.17705510391865079 0.27506775223214286
