0 0.6014227987351191 0.687005621279762 0.2385400225694445 0.26378488244047615
0 0.5673693592509921 0.5825773686755953 0.1930711902281746 0.2336800446428572
0 0.3787565703125 0.7637880611979166 0.08395611582341272 0.10236804055059523
0 0.43867331336805554 0.5476854125744047 0.29386420461309515 0.31082249851190474
0 0.5919669280753969 0.2956531184895833 0.20342181944444454 0.2721996886160714
0 0.5243961686507936 0.2401894332217262 0.16019301537698416 0.23049577715773809
0 0.7315505344742064 0.34523010267857146 0.13899034771825403 0.23046256919642863
0 0.6762263466021825 0.34402757831101194 0.134256613343254 0.2225750159970238
0 0.18953878112599207 0.6160448216145834 0.19311177852182543 0.21691238355654763
0 0.8296494611855159 0.6556484763764882 0.18503560788690476 0.33023781584821427
0 0.8439252388392857 0.10221646670386904 0.1488275605158731 0.20443293340773808
0 0.7006591442212301 0.08783876599702381 0.17195076909722218 0.17567753199404762
0 0.10534044704861112 0.8712026577380954 0.21068089409722224 0.2536148444940477
0 0.049442713169642855 0.7627679365699405 0.09833606274801587 0.14497514992559524
0 0.21149485615079366 0.6783896936383929 0.16919130307539684 0.15548591629464292
0 0.8788653529265873 0.24814638597470237 0.1505255932539682 0.46334387388392856
