0 0.24143590761520906 0.5996330928841411 0.17159886841531624 0.13104767073451284
0 0.400315183358231 0.6483526046681449 0.05180343197443521 0.07529379093891497
0 0.3387986078885894 0.5606835366717959 0.10083168009309701 0.10160753794524857
0 0.1750678482350329 0.41908431391989187 0.2076762585403693 0.11437361322554906
0 0.29648214192511524 0.4382334268403425 0.06845453510907501 0.08753880192206026
0 0.3228463885549617 0.3458747801695974 0.07770514796165268 0.12427383487149635
0 0.05550367711546619 0.25338586742456337 0.08325551567319928 0.07425166234460473
0 0.07146098428616271 0.1709274423997655 0.05596620775809507 0.056274944092753076
0 0.025439185344588666 0.06838968900160962 0.05087837068917733 0.11281042033408369
0 0.041165227193970755 0.006904101937305352 0.03422726755453748 0.013808203874610708
0 0.3702645300607733 0.2149390225764874 0.09389372045366368 0.13756097444895196
0 0.40032902183165076 0.40551828926097283 0.08279298503057042 0.12844234924873743
0 0.4926038850361134 0.39210088360922846 0.07955527053216827 0.0974390235680076
0 0.6133243827622523 0.2746008846007487 0.27011789529526886 0.13287139577455587
0 0.6026861779817879 0.1429018834947919 0.07863020924691044 0.0914467841507237
0 0.6783099380516107 0.1891463398673089 0.06429175932541498 0.07451219449318222
0 0.46762723033415354 0.12153824731143195 0.09990661880783919 0.1331319279231334
0 0.20466980936328155 0.055232815498442826 0.16049813299222304 0.11046563099688565
0 0.523824703413563 0.6670925664328435 0.1244207428671702 0.09717849141943002
0 0.36656428491974224 0.7951441174587146 0.11239494615881901 0.08701773762490528
0 0.41443620643183177 0.9016491139119709 0.08695576081423034 0.07268846945313923
0 0.5918167078800092 0.8870593135916275 0.2178519326782049 0.10603658447106712
0 0.47364012868832905 0.7521036606284512 0.1720613990579452 0.12531596346580665
0 0.7960239866006619 0.5947422428876047 0.2349655664554735 0.14772172824347685
0 0.4412629837043071 0.881327606322921 0.052728493259692866 0.04090354732667689
0 0.6725059751860887 0.7685333802763947 0.16924155553685016 0.10107914201290036
0 0.9494415844107692 0.7186861321604437 0.1011168311784616 0.09277126732690855
0 0.9574703580382569 0.9037671182205947 0.08603713101755828 0.10661772513689494
0 0.7763826822774911 0.7618409256682346 0.14339521836259728 0.09415591310790716
0 0.5489988360168011 0.5156047509473105 0.3982290064241274 0.15000329294151887
0 0.6686314181935965 0.38614037042393823 0.13765940962809342 0.1366183837251987
0 0.49983476114962483 0.04500098788245564 0.14913102709710124 0.08907887857757887
0 0.19276647394980276 0.17691278568232804 0.10427963579269406 0.0691594430769524
