0 0.2852344648438948 0.04421382804626024 0.16429191520180056 0.06861025268978244
0 0.47544622103627066 0.14915598697439575 0.1677478940005439 0.10674374105565713
0 0.4682684189158037 0.18233512448958597 0.10979378799084738 0.06740919793810135
0 0.40871924576822544 0.2005010776087625 0.16455775972478082 0.10163925836101251
0 0.4226760832246891 0.242838257605521 0.03828161130915747 0.026873600068864467
0 0.4552845724134478 0.30747001643035987 0.0701829540667886 0.09398253431904552
0 0.4806727243580625 0.29643532589928984 0.08480440283070284 0.0962345119784476
0 0.5945871024551039 0.2478676743781856 0.050510459366249205 0.04083586155715718
0 0.5915298904408308 0.30972199408976187 0.1996492367581752 0.10599308183585637
0 0.6271530565201857 0.3865894981973518 0.10766703180700532 0.1552363266547812
0 0.7794819681878746 0.4085087474155318 0.06885373145188722 0.10809492765129836
0 0.5184226466212595 0.41856758096086094 0.06725866431400579 0.13451813218828235
0 0.5559067243614761 0.4189429105707613 0.03907914487809816 0.07821869070323129
0 0.5729207738322126 0.5114241264502055 0.03269887632657198 0.05750049623673231
0 0.5798327314296995 0.5834919155063898 0.03429394346445358 0.03166881116495146
0 0.5984418480383176 0.642639358071365 0.09437480565799217 0.11425033325366407
0 0.5208152473280818 0.7526109337721649 0.11670574558833402 0.09338200694320486
0 0.45156274909172406 0.8493709072044728 0.121756791524959 0.09293161141132456
0 0.5096497773629108 0.8982106097950273 0.10554027562316315 0.08677620580895884
0 0.7600753180103157 0.8910042812849407 0.1326564169671497 0.08287277786599545
0 0.624361689028893 0.9012132466742302 0.08985544876732798 0.0651572202786993
0 0.5485959999795189 0.8046034050858821 0.07177802120467014 0.0725136806327461
0 0.6095872975790075 0.8219915704272902 0.0630556843763097 0.07208810028168566
0 0.6828540752710701 0.7957495167102913 0.11930047601510829 0.1034793040188049
0 0.7192154542406841 0.6096356605613615 0.0562447916387987 0.12407590409928648
0 0.7061429343090102 0.6959924898144648 0.04064565020772559 0.05161557610530321
0 0.6949379172247183 0.7322846917635062 0.03756976316497895 0.023698497682963615
0 0.836318868082402 0.6760783072065295 0.025925333646008797 0.0964069774851457
0 0.8088555909150197 0.7433274472283427 0.029001220688755658 0.04255803510605494
0 0.6347384136738164 0.7484145592964135 0.07843511959004368 0.07705113644565686
0 0.6559400636470356 0.6872451385754654 0.04657771807588029 0.05645453636517539
0 0.655830210538366 0.5939400586928019 0.04723683672789736 0.10757380885408152
0 0.7361328329757917 0.5031785348441737 0.030758870427468055 0.04144135196916171
0 0.7954535116573369 0.5299789301296197 0.08173071285012945 0.10794603656637919
0 0.7684296469246331 0.6173283666155174 0.07074540198317658 0.1387168607830025
0 0.31636428690481355 0.10845074012148395 0.13220713972331305 0.07448040778862382
0 0.23819802181292776 0.08383587364499973 0.12899042099525193 0.10663414480956629
