0 0.05363116909068124 0.9054550578221134 0.10726233818136248 0.042362062657389954
0 0.08922371576305509 0.8218377744300893 0.1374294397467465 0.020487538173415643
0 0.26010006936727337 0.8039111785283504 0.14337129836899065 0.05067396409913971
0 0.2054733046143825 0.7910519790365258 0.09161962649783098 0.02669918538556837
0 0.22166966118146772 0.7568879193696862 0.19838140883944583 0.07475771907959106
0 0.10168245158388983 0.7591219328407237 0.10216163373084501 0.02953256832444484
0 0.06344371625686623 0.7864204876941312 0.10733680091796101 0.04010326621179228
0 0.12104141032087923 0.7313874729197967 0.052710036165070126 0.0309492597938833
0 0.2340325605729114 0.7035985248654295 0.13187092684206642 0.06887300066807811
0 0.3625492123862915 0.6846911425617719 0.18726438303008552 0.08227708149430213
0 0.5740602120523093 0.5926061970482813 0.12190393818539869 0.08925156257461397
0 0.47094021402755404 0.5207908371744466 0.13838780404065681 0.132188211725283
0 0.29095939963118717 0.6281869481845591 0.08395271214654801 0.045116174488266436
0 0.40462140488895665 0.6195778231010494 0.10043657800180639 0.06821914306679888
0 0.5076455664843209 0.584432977032291 0.11327865954020527 0.08598227456821794
0 0.5645724055425967 0.49855967873095297 0.08874453361609991 0.06505883132728285
0 0.662325563521454 0.3689868974107869 0.12132891960905223 0.150714177094861
0 0.7602705260679589 0.31884649489978856 0.08624828098971449 0.09517764543467538
0 0.8304340595142942 0.3685610212142484 0.04592934202991206 0.11468064287098717
0 0.6675958585530136 0.6484269826915925 0.03451727260276849 0.026804761592921555
0 0.57414665711625 0.69198472028009 0.1187057423656186 0.09381666557522528
0 0.5518367126290947 0.7349840253354014 0.05668690297365231 0.03111266970606963
0 0.4819602827259293 0.7151995584453881 0.08643349562319275 0.04355773758849735
0 0.39763149884680776 0.7517370013309775 0.2062617509189827 0.10450665978192641
0 0.7256202951291142 0.6115709498512925 0.04641334514309703 0.039717796441341324
0 0.7759938233048986 0.5147531920861182 0.09963820510241672 0.1013209092891359
0 0.7332238465518741 0.4626967604691222 0.10153909295810648 0.08132691652274637
0 0.6009542243228085 0.29064806994646125 0.06934532357876633 0.11669723538830934
0 0.5609473068735203 0.2679679292834226 0.04174634864273563 0.03547068510672907
0 0.5654698279764834 0.3214376795093655 0.038267486255840866 0.05670035165759668
0 0.7518208898344725 0.26144079577865276 0.025975505822146472 0.02478992118983292
0 0.7163364934881471 0.2253108042573005 0.06215567464585092 0.07278742817440323
0 0.7079872237596 0.16333600128271805 0.12338365265519613 0.07990793745233395
0 0.6335395686800549 0.21654202894281166 0.07653497251168184 0.09533570755451717
0 0.5872706989343563 0.135249548019769 0.09624852603741807 0.07542465383289602
0 0.549467060996768 0.16307227871686875 0.0540383290764298 0.06962275738421167
0 0.5102718781044219 0.15614956136332497 0.06006835721371395 0.113532564598118
0 0.5377548909608895 0.07505487236466926 0.07421573092041878 0.04206374925296124
0 0.7007112549380996 0.5669109873100485 0.09564475653225457 0.0863092033688575
0 0.6373633751106242 0.5860908102809057 0.053285054741416316 0.05971899425016913
0 0.6380925426342268 0.09509896407087685 0.07491150339779773 0.029800649940969426
0 0.6433108362145689 0.14672265633587478 0.03710786546020928 0.03494323997503049
0 0.03597636178348583 0.9755393635857439 0.07195272356697166 0.04892127282851211
0 0.09315912891203958 0.9751926774003452 0.041599785565085284 0.04961464519930969
0 0.3939784251807347 0.5948779320177472 0.03780566831484955 0.02041596425126868
0 0.7096370661014445 0.028725897639331893 0.2414651899003213 0.057451795278663786
