0 0.33478201325201945 0.15274849426362924 0.08491234032563755 0.0723967891237389
0 0.31013584667445093 0.21491320385787976 0.043535564319500564 0.05270486248208195
0 0.4270702136483161 0.1436747633601207 0.04425516042395511 0.04382418968290332
0 0.38407434640715643 0.2040054209632364 0.0733988026543646 0.08455944969652707
0 0.31481322135340556 0.32466673616946795 0.04137677600613687 0.09498458733034543
0 0.12175841573073182 0.43639837792004754 0.07523941968742894 0.09202960947492578
0 0.41503034737733113 0.6814489182436119 0.03559714493686417 0.06381298392836843
0 0.5611033851566642 0.5753109959954072 0.060676951360829845 0.03299174679289785
0 0.4951677646778959 0.4936998328761335 0.043687404979797506 0.03299174679289779
0 0.3798815570923193 0.34067890202749496 0.03964227488907551 0.06468118779133941
0 0.22454856160859502 0.20936306775313146 0.042878378961653085 0.05816965881905689
0 0.28927064306014677 0.1383874018108628 0.04287837896165303 0.033425848435604394
0 0.493549712641607 0.058603760750542404 0.08009357579629539 0.0677199013117379
0 0.43044568329417243 0.06620054455153863 0.08009357566063868 0.08812269209155635
0 0.32284522281313927 0.057518505921828646 0.11083656448578239 0.09593652685829533
0 0.49818700477266803 0.1380755467491581 0.11405362361070537 0.09620140313619006
0 0.5044670794801908 0.21893517988136435 0.1250851776406558 0.0907205626521547
0 0.2574914340403891 0.35758731887662687 0.03907375883077463 0.12012562874435018
0 0.20465584820003346 0.5015139091888752 0.03858226500900383 0.11814770950048054
0 0.16558208936925886 0.5960584490458445 0.13049160968013407 0.11735654180293276
0 0.1916312619231086 0.6869108729809239 0.0636484499193121 0.06566691889647236
0 0.25466534456520723 0.6946247580320155 0.05111535746415799 0.05841454833561699
0 0.2501190267138278 0.8204204219421254 0.08085073368128831 0.12671869289058246
0 0.4705978791706071 0.926952963355014 0.08947645025336504 0.042934033720264275
0 0.6172473482414546 0.8549525887828924 0.08434033981586064 0.07716522276750137
0 0.6418466140210806 0.8961460535685508 0.04487338592766954 0.01798587899092141
0 0.6805026031033501 0.9204414949474164 0.08271841020401727 0.0543927792064155
0 0.618869277853298 0.9377021368822522 0.045414029131617295 0.021031874626480707
0 0.5545327365835069 0.931247527083091 0.04487338592766954 0.03365099940236904
0 0.4196422571985246 0.8546624939604581 0.04703595874346089 0.042934033720264275
0 0.41883129239260286 0.9069520857042257 0.09190934467113027 0.04598002935582335
0 0.387473986563629 0.9382098028215122 0.06325525486189554 0.02117692203769772
0 0.3375996509994422 0.8851949740216594 0.1273214745297126 0.1182136401419428
0 0.2866440290273597 0.7718404221554895 0.039466953888191214 0.05975953342144835
0 0.46789466315086803 0.7728557540340093 0.11164282161522587 0.07948598134697493
0 0.39274525780212033 0.7215814941687617 0.06514750607571301 0.043079081131480956
0 0.5104703154617591 0.7422507502671996 0.08704355583559975 0.08586806744052788
0 0.5525053245687026 0.7034505677666232 0.09001709345731268 0.10748013171187687
0 0.5068209738351114 0.6769068915138925 0.06460686287176515 0.06715695139352096
0 0.5946754944766328 0.6146815521017532 0.12732147452971265 0.031185193411678136
0 0.47695043681699406 0.5829886927508152 0.12921372574353007 0.04786564570164542
0 0.43842960853571156 0.5002391446514554 0.1365124089968257 0.09674662328181094
0 0.4459986133909811 0.4224937322390855 0.06785072209545201 0.10080795079588983
0 0.4784372056278505 0.38644945055163427 0.07271651093098236 0.1070449894782256
0 0.2938075514796684 0.42350906411760525 0.03595277306253036 0.08543292520687651
0 0.3311119325520684 0.5251147756751893 0.08298873180599103 0.10820536876796255
0 0.2569086528102294 0.4581028716928854 0.059470752434260726 0.05540811108493504
0 0.2874549938332815 0.48413888200635624 0.027032160197391186 0.015810167822664756
0 0.28853628024117717 0.5272179631378373 0.05784882282241727 0.0671569513935209
0 0.27812889856518147 0.5722551843207493 0.049468853161225956 0.09631148104815968
0 0.30705330997639013 0.6464469351582998 0.0354121298585825 0.10922070064648215
0 0.3490883190833335 0.6740784669951589 0.03946695388819127 0.03713213727157971
0 0.344222530247803 0.7170125007154228 0.03297923544081732 0.05250716286059309
0 0.3494938014862944 0.752621640169223 0.030546341023052037 0.019291305691875205
0 0.3152981188365944 0.7579883943842558 0.04325145631582589 0.028574340009770438
0 0.3389512590093118 0.7928722967819701 0.04406242112174774 0.053957636972764234
0 0.44197581922734674 0.21768678760052929 0.07352747573690416 0.05584325331858653
0 0.1623281219853344 0.3106621781906954 0.08298873180599109 0.08543292520687656
0 0.20733666871399076 0.3395991367285084 0.04541402913161727 0.1261912477588838
0 0.5741630825925899 0.08028374210866916 0.08109648059217378 0.13677970877773263
